year month day id wd wsd tmp
1999 01 01 89512 130 22 .7
1999 01 01 89512 130 26 1
1999 01 01 89512 110 18 3.1
1999 01 01 89512 110 6 2.1
1999 01 02 89512 40 2 -.9
1999 01 02 89512 130 10 3.1
1999 01 02 89512 140 8 3.7
1999 01 03 89512 130 24 1.5
1999 01 03 89512 130 28 1.8
1999 01 03 89512 120 20 2.8
1999 01 03 89512 130 10 2.2
1999 01 04 89512 130 24 .4
1999 01 04 89512 120 20 -1.7
1999 01 04 89512 110 26 .7
1999 01 04 89512 130 14 -.1
1999 01 05 89512 130 18 -1.3
1999 01 05 89512 130 28 -1.1
1999 01 05 89512 110 30 -.6
1999 01 05 89512 130 18 -1.4
1999 01 06 89512 140 20 -2.5
1999 01 06 89512 140 24 -1.8
1999 01 06 89512 100 12 1
1999 01 06 89512 30 4 .9
1999 01 07 89512 140 14 -1.7
1999 01 07 89512 170 24 -1.8
1999 01 08 89512 160 16 -2.5
1999 01 08 89512 130 24 .5
1999 01 08 89512 120 8 3.3
1999 01 08 89512 130 8 2.6
1999 01 09 89512 120 10 1.7
1999 01 09 89512 130 6 2.3
1999 01 09 89512 150 20 2.3
1999 01 09 89512 120 12 2.1
1999 01 10 89512 130 14 .5
1999 01 10 89512 120 24 -.3
1999 01 10 89512 110 22 .2
1999 01 10 89512 130 22 -.2
1999 01 11 89512 120 24 -1.2
1999 01 11 89512 120 22 -1.1
1999 01 11 89512 130 18 .3
1999 01 11 89512 130 14 0
1999 01 12 89512 160 12 -1.4
1999 01 12 89512 210 4 .1
1999 01 12 89512 20 6 .4
1999 01 12 89512 40 4 -.6
1999 01 13 89512 180 10 -3
1999 01 13 89512 140 24 -1.3
1999 01 13 89512 120 14 1
1999 01 13 89512 120 14 2.8
1999 01 14 89512 140 28 1.3
1999 01 14 89512 130 34 0
1999 01 14 89512 130 42 2.1
1999 01 14 89512 130 46 3.1
1999 01 15 89512 120 42 1.7
1999 01 15 89512 130 40 .7
1999 01 15 89512 130 30 1.2
1999 01 15 89512 120 16 3
1999 01 16 89512 130 28 3.5
1999 01 16 89512 130 22 3.9
1999 01 16 89512 130 8 5
1999 01 16 89512 120 8 4.3
1999 01 17 89512 130 14 1
1999 01 17 89512 140 14 1.2
1999 01 17 89512 40 8 1.8
1999 01 17 89512 200 2 2.2
1999 01 18 89512 160 18 -1.6
1999 01 18 89512 160 18 -.5
1999 01 18 89512 90 8 2.3
1999 01 19 89512 150 18 -1.3
1999 01 19 89512 130 8 -.2
1999 01 19 89512 100 12 .9
1999 01 19 89512 40 6 -.8
1999 01 20 89512 120 16 -2
1999 01 20 89512 130 24 -.4
1999 01 20 89512 100 14 .7
1999 01 20 89512 120 28 -1.4
1999 01 21 89512 130 30 -3.5
1999 01 21 89512 120 32 -3.8
1999 01 21 89512 120 36 -3.1
1999 01 21 89512 120 34 -2.5
1999 01 22 89512 130 34 -3.1
1999 01 22 89512 130 40 -3.6
1999 01 22 89512 130 44 -2.5
1999 01 22 89512 130 40 -2.2
1999 01 23 89512 130 34 -2.5
1999 01 23 89512 150 22 -2.4
1999 01 23 89512 110 14 -.3
1999 01 24 89512 210 6 -5.2
1999 01 24 89512 170 14 -3.6
1999 01 24 89512 110 8 -1.2
1999 01 24 89512 0 4 -1.5
1999 01 25 89512 0 0 -4.7
1999 01 25 89512 190 14 -3.6
1999 01 25 89512 100 22 .4
1999 01 25 89512 220 6 .5
1999 01 26 89512 150 24 -2.9
1999 01 26 89512 130 40 -2.8
1999 01 26 89512 130 30 -1.7
1999 01 26 89512 130 34 -1.9
1999 01 27 89512 130 44 -1.9
1999 01 27 89512 140 44 -2.3
1999 01 27 89512 130 44 -1.3
1999 01 27 89512 130 44 -1.6
1999 01 28 89512 130 38 -2.2
1999 01 28 89512 130 36 -1.5
1999 01 28 89512 130 28 .1
1999 01 28 89512 130 20 -1.2
1999 01 29 89512 150 24 -2.9
1999 01 29 89512 130 26 -.5
1999 01 29 89512 110 22 .7
1999 01 29 89512 130 22 .1
1999 01 30 89512 130 24 -.6
1999 01 30 89512 130 26 0
1999 01 30 89512 120 24 1.7
1999 01 30 89512 130 36 1
1999 01 31 89512 130 42 -.5
1999 01 31 89512 140 36 -1.1
1999 01 31 89512 120 26 0
1999 01 31 89512 130 10 -.9
2000 01 01 89512 40 4 -3.1
2000 01 01 89512 80 4 -1.4
2000 01 02 89512 100 20 -3.1
2000 01 02 89512 10 8 -1.9
2000 01 02 89512 20 6 -1.1
2000 01 03 89512 150 8 -3
2000 01 03 89512 100 16 -5.7
2000 01 03 89512 90 14 -3.9
2000 01 03 89512 80 12 -3.2
2000 01 04 89512 110 12 -6.2
2000 01 04 89512 110 14 -3.5
2000 01 04 89512 90 12 -1.1
2000 01 04 89512 100 14 -2.2
2000 01 05 89512 110 18 -5
2000 01 05 89512 100 22 -3.3
2000 01 05 89512 110 32 -1.7
2000 01 05 89512 120 30 -2.6
2000 01 06 89512 120 24 -2.3
2000 01 06 89512 130 16 -1.2
2000 01 06 89512 80 20 .8
2000 01 06 89512 110 14 .2
2000 01 07 89512 150 10 -.2
2000 01 07 89512 130 22 -3.1
2000 01 07 89512 100 10 .3
2000 01 07 89512 20 4 -.6
2000 01 08 89512 160 14 -3.2
2000 01 08 89512 150 22 -3
2000 01 08 89512 110 18 .3
2000 01 09 89512 120 20 -.8
2000 01 09 89512 100 16 1.7
2000 01 09 89512 110 10 1.9
2000 01 10 89512 150 20 -.6
2000 01 10 89512 160 28 -.2
2000 01 10 89512 160 16 3.2
2000 01 10 89512 120 6 2.6
2000 01 11 89512 160 24 -1.4
2000 01 11 89512 120 14 -.1
2000 01 11 89512 250 8 1.8
2000 01 11 89512 260 12 2
2000 01 12 89512 110 6 -4.2
2000 01 12 89512 40 2 -4.3
2000 01 12 89512 50 10 -.7
2000 01 12 89512 40 4 -.7
2000 01 13 89512 160 14 -.4
2000 01 13 89512 40 2 -.1
2000 01 13 89512 50 4 .7
2000 01 13 89512 130 6 2.4
2000 01 14 89512 130 8 .7
2000 01 14 89512 110 20 .4
2000 01 14 89512 90 20 .1
2000 01 15 89512 110 14 -2.6
2000 01 15 89512 110 10 -1.4
2000 01 15 89512 70 14 .5
2000 01 15 89512 120 4 .7
2000 01 16 89512 150 18 -1.4
2000 01 16 89512 110 14 -2.1
2000 01 16 89512 110 22 -1.6
2000 01 16 89512 90 16 -1.4
2000 01 17 89512 120 8 -3.9
2000 01 17 89512 130 20 -2.9
2000 01 17 89512 90 18 .2
2000 01 17 89512 10 4 -.2
2000 01 18 89512 150 22 -3
2000 01 18 89512 160 26 -2.6
2000 01 18 89512 100 10 1.8
2000 01 18 89512 140 4 1.5
2000 01 19 89512 150 20 -1.6
2000 01 19 89512 140 20 .5
2000 01 19 89512 90 20 2.8
2000 01 19 89512 110 16 2
2000 01 20 89512 150 20 -.3
2000 01 20 89512 150 24 0
2000 01 20 89512 100 12 2.6
2000 01 20 89512 110 4 1.1
2000 01 21 89512 110 6 -2.5
2000 01 21 89512 140 26 -.9
2000 01 21 89512 100 28 .1
2000 01 21 89512 100 18 -.4
2000 01 22 89512 120 14 -3
2000 01 22 89512 110 24 -1.4
2000 01 22 89512 90 22 -1.6
2000 01 22 89512 100 26 -2.1
2000 01 23 89512 120 22 -4
2000 01 23 89512 100 18 -3.2
2000 01 23 89512 90 20 -.4
2000 01 23 89512 90 12 -1
2000 01 24 89512 110 10 -5.5
2000 01 24 89512 110 16 -3
2000 01 24 89512 80 14 -1
2000 01 24 89512 70 10 -3
2000 01 25 89512 180 16 -4.7
2000 01 25 89512 130 14 -2.7
2000 01 25 89512 70 8 -1.5
2000 01 25 89512 100 10 -2.4
2000 01 26 89512 100 12 -3.8
2000 01 26 89512 70 4 -3.8
2000 01 26 89512 60 10 -2.7
2000 01 26 89512 20 4 -3.3
2000 01 27 89512 130 8 -4.6
2000 01 27 89512 100 10 -3.2
2000 01 27 89512 60 12 -1.1
2000 01 27 89512 100 10 -2.3
2000 01 28 89512 120 12 -5
2000 01 28 89512 120 22 -4.1
2000 01 28 89512 80 16 -3.3
2000 01 28 89512 20 2 -2.8
2000 01 29 89512 180 6 -5.9
2000 01 29 89512 310 6 -7.7
2000 01 29 89512 330 4 -3.9
2000 01 29 89512 350 4 -4.2
2000 01 30 89512 170 14 -5.7
2000 01 30 89512 140 16 -4.8
2000 01 30 89512 90 14 -3.2
2000 01 30 89512 100 12 -4
2000 01 31 89512 140 16 -4.5
2000 01 31 89512 140 16 -4.3
2000 01 31 89512 110 18 -2.5
2000 01 31 89512 120 22 -2.4
2001 01 01 89512 170 20 .1
2001 01 01 89512 100 16 2.6
2001 01 02 89512 80 8 .3
2001 01 02 89512 180 4 .3
2001 01 03 89512 120 14 -1.3
2001 01 03 89512 120 4 0
2001 01 03 89512 10 4 -.2
2001 01 04 89512 90 12 -1.1
2001 01 04 89512 90 10 -.7
2001 01 05 89512 130 12 -1.7
2001 01 05 89512 110 12 -1.4
2001 01 05 89512 130 12 .1
2001 01 06 89512 130 14 -1.2
2001 01 06 89512 130 6 1.8
2001 01 06 89512 160 6 2.1
2001 01 07 89512 140 8 -1.5
2001 01 07 89512 120 14 .7
2001 01 07 89512 120 8 2.7
2001 01 07 89512 90 14 2.1
2001 01 08 89512 110 18 -.4
2001 01 08 89512 110 16 .4
2001 01 08 89512 90 8 3
2001 01 08 89512 230 4 4.2
2001 01 09 89512 170 18 -.8
2001 01 09 89512 140 14 .3
2001 01 09 89512 90 14 3.3
2001 01 09 89512 70 8 1
2001 01 10 89512 120 14 .6
2001 01 10 89512 110 16 0
2001 01 10 89512 110 22 2.4
2001 01 10 89512 120 16 1.4
2001 01 11 89512 120 20 .4
2001 01 11 89512 90 14 3.1
2001 01 12 89512 120 6 1
2001 01 12 89512 320 4 2
2001 01 13 89512 90 2 -.6
2001 01 13 89512 130 10 -.4
2001 01 13 89512 100 4 1.9
2001 01 13 89512 220 6 .6
2001 01 14 89512 170 16 -2.4
2001 01 14 89512 160 22 -1
2001 01 14 89512 80 6 .6
2001 01 14 89512 140 4 -.2
2001 01 15 89512 180 8 -3.4
2001 01 15 89512 20 2 -6.3
2001 01 15 89512 110 8 -3.2
2001 01 15 89512 80 6 -2.3
2001 01 16 89512 100 6 -3.5
2001 01 16 89512 30 8 -1.1
2001 01 16 89512 30 4 -1.7
2001 01 17 89512 120 10 -2.8
2001 01 17 89512 130 24 -2.4
2001 01 17 89512 90 24 -.6
2001 01 17 89512 100 8 -1.2
2001 01 18 89512 190 12 -4.3
2001 01 18 89512 180 18 -3.8
2001 01 18 89512 20 4 -.3
2001 01 18 89512 80 4 -.4
2001 01 19 89512 100 4 -4.5
2001 01 19 89512 120 12 -4.4
2001 01 19 89512 100 12 -1.3
2001 01 19 89512 350 4 -1.3
2001 01 20 89512 110 10 -1.4
2001 01 20 89512 120 14 -1.2
2001 01 20 89512 120 20 .1
2001 01 20 89512 120 8 -.2
2001 01 21 89512 130 4 -1.5
2001 01 21 89512 110 12 .4
2001 01 21 89512 110 10 .7
2001 01 21 89512 120 6 1.1
2001 01 22 89512 10 4 -1.1
2001 01 22 89512 150 20 .2
2001 01 22 89512 120 12 1
2001 01 22 89512 170 12 .7
2001 01 23 89512 140 16 -2
2001 01 23 89512 120 18 0
2001 01 23 89512 110 6 1.3
2001 01 23 89512 190 16 -.5
2001 01 24 89512 180 22 -1
2001 01 24 89512 170 20 -1.6
2001 01 24 89512 140 4 1.2
2001 01 24 89512 190 18 -.4
2001 01 25 89512 180 22 -3.1
2001 01 25 89512 160 26 -.3
2001 01 25 89512 110 8 2.9
2001 01 25 89512 270 2 2.3
2001 01 26 89512 160 22 -2.2
2001 01 26 89512 130 24 -2.6
2001 01 26 89512 80 14 -1.5
2001 01 26 89512 90 8 -2.2
2001 01 27 89512 110 14 -3.2
2001 01 27 89512 130 24 -1.3
2001 01 27 89512 120 38 -3.6
2001 01 28 89512 120 38 -2
2001 01 28 89512 130 34 -1.8
2001 01 28 89512 120 32 -1.4
2001 01 28 89512 120 16 -.3
2001 01 29 89512 140 18 -1.2
2001 01 29 89512 130 26 1
2001 01 30 89512 160 26 -3.1
2001 01 30 89512 140 26 -1.8
2001 01 30 89512 110 26 -.4
2001 01 30 89512 90 12 -1.3
2001 01 31 89512 120 16 -2.4
2001 01 31 89512 120 26 -1.8
2001 01 31 89512 110 24 -1.5
2001 01 31 89512 100 26 -1.8
2002 01 01 89512 160 24 .4
2002 01 01 89512 130 8 4.2
2002 01 01 89512 170 8 4.4
2002 01 02 89512 180 26 -.3
2002 01 02 89512 170 26 .3
2002 01 02 89512 130 14 3.5
2002 01 02 89512 30 6 1
2002 01 03 89512 140 6 -2
2002 01 03 89512 200 12 -.2
2002 01 03 89512 110 18 3.1
2002 01 03 89512 180 4 3.8
2002 01 04 89512 150 20 -.3
2002 01 04 89512 180 22 1.5
2002 01 04 89512 350 8 3
2002 01 04 89512 320 8 2
2002 01 05 89512 110 2 -.2
2002 01 05 89512 20 8 -2.4
2002 01 05 89512 130 12 -.9
2002 01 05 89512 360 4 -1.1
2002 01 06 89512 190 8 -2.6
2002 01 06 89512 90 4 -2.5
2002 01 06 89512 100 2 2.3
2002 01 06 89512 40 2 1.5
2002 01 07 89512 200 14 -1
2002 01 07 89512 180 28 -.2
2002 01 07 89512 90 6 2.6
2002 01 07 89512 30 2 2
2002 01 08 89512 200 14 -.9
2002 01 08 89512 180 22 1
2002 01 08 89512 120 16 2.7
2002 01 08 89512 200 2 4.7
2002 01 09 89512 170 18 -.8
2002 01 09 89512 190 22 -.1
2002 01 09 89512 120 8 1
2002 01 09 89512 20 4 -.6
2002 01 10 89512 180 12 -1.1
2002 01 10 89512 190 24 .8
2002 01 10 89512 110 8 5.6
2002 01 10 89512 120 4 3.2
2002 01 11 89512 180 26 1.9
2002 01 11 89512 130 24 1.7
2002 01 14 89512 200 16 1.1
2002 01 14 89512 140 10 3
2002 01 14 89512 30 4 -.9
2002 01 14 89512 340 6 -1.2
2002 01 15 89512 30 2 -1.7
2002 01 15 89512 10 4 -2.1
2002 01 15 89512 90 12 -1.6
2002 01 15 89512 70 6 -1.4
2002 01 16 89512 100 10 -2.5
2002 01 16 89512 130 18 -3
2002 01 16 89512 110 26 -.3
2002 01 16 89512 120 20 -1.3
2002 01 17 89512 130 12 -1.7
2002 01 17 89512 130 16 -1.4
2002 01 17 89512 100 14 -1.8
2002 01 17 89512 100 22 .4
2002 01 18 89512 120 24 -1.1
2002 01 18 89512 120 26 -1.2
2002 01 18 89512 120 36 .9
2002 01 18 89512 120 38 .4
2002 01 19 89512 230 26 -.2
2002 01 19 89512 120 28 -.5
2002 01 19 89512 100 24 .7
2002 01 19 89512 120 20 -.2
2002 01 20 89512 130 24 -1.4
2002 01 20 89512 130 24 -.9
2002 01 20 89512 110 24 1.1
2002 01 20 89512 120 16 .1
2002 01 21 89512 130 16 -2.1
2002 01 21 89512 130 26 -1.6
2002 01 21 89512 120 30 -.3
2002 01 22 89512 130 20 -1.9
2002 01 22 89512 170 16 -2.3
2002 01 22 89512 100 6 .5
2002 01 22 89512 10 6 -.8
2002 01 23 89512 170 8 -4.7
2002 01 23 89512 130 14 -3.7
2002 01 23 89512 110 14 -.5
2002 01 23 89512 100 10 -1.5
2002 01 24 89512 90 8 -4.3
2002 01 24 89512 120 14 -2.9
2002 01 24 89512 130 6 -1.7
2002 01 24 89512 140 6 -.8
2002 01 25 89512 130 4 -2.3
2002 01 25 89512 120 16 -2.5
2002 01 25 89512 100 12 -.6
2002 01 25 89512 80 6 -2.2
2002 01 26 89512 120 10 -3.4
2002 01 26 89512 130 22 -3.4
2002 01 26 89512 130 24 -3.7
2002 01 26 89512 120 18 -3.7
2002 01 27 89512 130 18 -4.7
2002 01 27 89512 120 16 -4
2002 01 27 89512 110 10 -1.7
2002 01 27 89512 130 12 -2.1
2002 01 28 89512 160 18 -4.1
2002 01 28 89512 140 16 -3.6
2002 01 29 89512 170 22 -3.9
2002 01 29 89512 130 18 .4
2002 01 29 89512 120 6 -.7
2002 01 30 89512 190 10 -4.9
2002 01 30 89512 190 20 -5.5
2002 01 30 89512 110 8 -1.6
2002 01 31 89512 10 2 -7.6
2002 01 31 89512 90 12 -2.6
2002 01 31 89512 360 6 -6.2
2003 01 01 89512 120 24 -1.6
2003 01 01 89512 120 24 -1
2003 01 01 89512 110 28 -.4
2003 01 01 89512 120 24 -.8
2003 01 02 89512 130 30 -2
2003 01 02 89512 130 30 -.8
2003 01 02 89512 100 24 .7
2003 01 02 89512 110 18 .9
2003 01 03 89512 170 24 -2.3
2003 01 03 89512 160 26 -1.6
2003 01 03 89512 100 24 1.1
2003 01 03 89512 100 16 .7
2003 01 04 89512 120 12 -2.4
2003 01 04 89512 130 18 -1.1
2003 01 04 89512 90 16 1.8
2003 01 04 89512 100 2 .8
2003 01 05 89512 180 18 -2.7
2003 01 05 89512 140 16 -.9
2003 01 05 89512 70 8 -.1
2003 01 05 89512 30 4 -1.9
2003 01 06 89512 100 8 -2.9
2003 01 06 89512 120 12 -1.6
2003 01 06 89512 20 6 .3
2003 01 06 89512 30 4 -.1
2003 01 07 89512 170 8 -.6
2003 01 07 89512 340 4 .4
2003 01 07 89512 30 4 1.3
2003 01 07 89512 150 4 -.1
2003 01 08 89512 120 2 -2.6
2003 01 08 89512 60 4 -2.2
2003 01 08 89512 50 4 .8
2003 01 08 89512 40 4 -1.1
2003 01 09 89512 140 2 -4.7
2003 01 09 89512 60 4 -3.8
2003 01 09 89512 50 4 -1.6
2003 01 10 89512 170 2 -5.5
2003 01 10 89512 110 2 -5.1
2003 01 10 89512 90 2 0
2003 01 10 89512 60 4 -1
2003 01 11 89512 90 12 -4.8
2003 01 11 89512 110 16 -3.8
2003 01 11 89512 80 16 -1
2003 01 11 89512 130 10 -1
2003 01 12 89512 110 10 -3.4
2003 01 12 89512 140 20 -.7
2003 01 12 89512 110 14 1.8
2003 01 12 89512 120 6 .6
2003 01 13 89512 100 2 -1
2003 01 13 89512 120 10 -.2
2003 01 13 89512 50 4 1.3
2003 01 13 89512 30 4 .8
2003 01 14 89512 180 28 -2.3
2003 01 14 89512 150 22 -2.2
2003 01 14 89512 80 12 1.1
2003 01 14 89512 40 6 -1.1
2003 01 15 89512 100 16 -3
2003 01 15 89512 110 14 -2.4
2003 01 15 89512 110 16 .4
2003 01 15 89512 130 16 1.1
2003 01 16 89512 130 18 0
2003 01 16 89512 110 22 1.6
2003 01 16 89512 120 20 2.9
2003 01 16 89512 130 10 2.3
2003 01 17 89512 110 10 -.9
2003 01 17 89512 150 22 -.4
2003 01 17 89512 80 8 1.4
2003 01 17 89512 70 8 1.8
2003 01 18 89512 130 14 -.9
2003 01 18 89512 130 14 -.6
2003 01 18 89512 100 14 1.4
2003 01 18 89512 110 14 .7
2003 01 19 89512 130 12 -.2
2003 01 19 89512 120 10 .3
2003 01 19 89512 110 14 2.2
2003 01 19 89512 110 6 1.4
2003 01 20 89512 130 10 .3
2003 01 20 89512 140 14 .9
2003 01 20 89512 90 6 3.2
2003 01 20 89512 110 8 1.1
2003 01 21 89512 130 16 -1.9
2003 01 21 89512 130 8 .1
2003 01 21 89512 40 6 3
2003 01 21 89512 350 6 .7
2003 01 22 89512 150 2 -1.8
2003 01 22 89512 160 8 1.3
2003 01 22 89512 100 12 2.2
2003 01 22 89512 120 18 1.2
2003 01 23 89512 130 22 -.5
2003 01 23 89512 130 20 .3
2003 01 23 89512 110 28 .5
2003 01 23 89512 120 28 0
2003 01 24 89512 140 26 .6
2003 01 24 89512 130 26 .7
2003 01 24 89512 120 14 .8
2003 01 24 89512 130 18 1.2
2003 01 25 89512 120 12 -.4
2003 01 25 89512 130 22 -.6
2003 01 25 89512 120 24 .9
2003 01 25 89512 110 12 0
2003 01 26 89512 130 14 -1
2003 01 26 89512 130 14 -1.1
2003 01 26 89512 120 22 1.3
2003 01 26 89512 120 24 1.2
2003 01 27 89512 130 28 .3
2003 01 27 89512 130 26 1.3
2003 01 27 89512 100 16 2.6
2003 01 27 89512 100 2 2.9
2003 01 28 89512 200 22 -1.1
2003 01 28 89512 180 20 -1.1
2003 01 28 89512 150 10 1.9
2003 01 29 89512 140 18 .3
2003 01 29 89512 130 18 .7
2003 01 29 89512 60 6 1.8
2003 01 29 89512 190 6 .6
2003 01 30 89512 170 22 -.7
2003 01 30 89512 170 20 -.2
2003 01 30 89512 110 6 2.4
2003 01 31 89512 80 4 .8
2003 01 31 89512 160 4 .4
2004 01 01 89512 150 8 2.3
2004 01 01 89512 130 12 4.5
2004 01 01 89512 140 10 5.9
2004 01 01 89512 220 6 5.2
2004 01 02 89512 80 8 1.9
2004 01 02 89512 180 22 4
2004 01 02 89512 140 18 5.3
2004 01 02 89512 140 12 4.5
2004 01 03 89512 150 10 2.7
2004 01 03 89512 140 4 2.2
2004 01 03 89512 140 10 5.4
2004 01 03 89512 40 4 4.1
2004 01 04 89512 190 10 2.2
2004 01 04 89512 130 14 4.3
2004 01 04 89512 100 6 5.2
2004 01 04 89512 130 8 4
2004 01 05 89512 120 8 -.5
2004 01 05 89512 80 12 -.9
2004 01 05 89512 70 14 .1
2004 01 05 89512 80 12 -1
2004 01 06 89512 120 6 -1.1
2004 01 06 89512 140 14 -1
2004 01 06 89512 120 8 .4
2004 01 06 89512 70 2 .2
2004 01 07 89512 180 8 -1.7
2004 01 07 89512 350 2 -.5
2004 01 07 89512 30 4 3
2004 01 07 89512 150 4 1.3
2004 01 08 89512 130 10 -.4
2004 01 08 89512 150 4 -.4
2004 01 08 89512 10 4 .4
2004 01 08 89512 100 4 1.1
2004 01 09 89512 180 12 .3
2004 01 09 89512 160 12 .9
2004 01 09 89512 120 4 3.3
2004 01 09 89512 230 4 3.3
2004 01 10 89512 180 12 1.3
2004 01 10 89512 160 16 .4
2004 01 10 89512 130 8 3.1
2004 01 10 89512 60 4 .2
2004 01 11 89512 210 8 -1.6
2004 01 11 89512 170 16 .8
2004 01 11 89512 90 8 1.5
2004 01 11 89512 50 4 -1.1
2004 01 12 89512 150 10 -2.9
2004 01 12 89512 130 12 -1.6
2004 01 12 89512 20 4 .2
2004 01 12 89512 300 4 -1.2
2004 01 13 89512 140 12 -4.5
2004 01 13 89512 120 14 -3.7
2004 01 13 89512 120 30 -2.5
2004 01 13 89512 120 34 -2
2004 01 14 89512 120 34 -3.4
2004 01 14 89512 110 28 -2.5
2004 01 14 89512 120 38 -1
2004 01 14 89512 110 34 .1
2004 01 15 89512 140 26 -1.5
2004 01 15 89512 120 28 .5
2004 01 15 89512 120 34 1.3
2004 01 15 89512 120 24 .9
2004 01 16 89512 140 22 .6
2004 01 16 89512 130 26 1.5
2004 01 16 89512 130 16 2.8
2004 01 16 89512 140 12 2.5
2004 01 17 89512 130 18 1.3
2004 01 17 89512 130 22 2.1
2004 01 17 89512 100 10 4.4
2004 01 17 89512 240 10 3.9
2004 01 18 89512 200 28 -1.2
2004 01 18 89512 140 16 1.8
2004 01 18 89512 120 24 1.5
2004 01 18 89512 110 26 1.4
2004 01 19 89512 130 24 .4
2004 01 19 89512 120 30 0
2004 01 19 89512 120 24 1.1
2004 01 19 89512 120 22 .9
2004 01 20 89512 130 16 0
2004 01 20 89512 120 22 0
2004 01 20 89512 120 14 1.8
2004 01 20 89512 110 6 1.2
2004 01 21 89512 130 18 -.1
2004 01 21 89512 120 20 -.2
2004 01 21 89512 110 16 1.3
2004 01 21 89512 110 8 1.8
2004 01 23 89512 130 12 -.5
2004 01 23 89512 120 16 0
2004 01 23 89512 110 14 .9
2004 01 23 89512 110 12 1.5
2004 01 24 89512 150 6 -.6
2004 01 24 89512 140 22 .8
2004 01 24 89512 130 32 1.4
2004 01 24 89512 130 10 .9
2004 01 25 89512 70 8 -1.8
2004 01 25 89512 100 4 -1.2
2004 01 25 89512 50 10 1.3
2004 01 25 89512 10 4 .2
2004 01 26 89512 80 2 -3.7
2004 01 26 89512 120 10 -3.2
2004 01 26 89512 40 6 -1.5
2004 01 26 89512 10 4 -2
2004 01 27 89512 170 4 -1.9
2004 01 27 89512 140 14 -2.3
2004 01 27 89512 80 8 -1.4
2004 01 27 89512 10 4 -1.4
2004 01 28 89512 140 8 -2.5
2004 01 28 89512 120 14 -2.5
2004 01 28 89512 100 16 -2.3
2004 01 28 89512 120 12 -1.8
2004 01 29 89512 130 16 -3
2004 01 29 89512 140 24 -2.7
2004 01 29 89512 130 26 -1.3
2004 01 29 89512 130 30 -1.3
2004 01 30 89512 130 32 -2.6
2004 01 30 89512 120 26 -1.5
2004 01 30 89512 120 34 -.8
2004 01 30 89512 130 46 -.3
2004 01 31 89512 120 48 -1.4
2004 01 31 89512 120 44 -.9
2004 01 31 89512 120 40 .5
2004 01 31 89512 120 36 .2
2005 01 01 89512 140 18 .4
2005 01 01 89512 120 20 1.4
2005 01 01 89512 110 14 3.1
2005 01 01 89512 130 6 2.8
2005 01 02 89512 190 20 -.5
2005 01 02 89512 130 20 3
2005 01 02 89512 120 20 3.6
2005 01 02 89512 120 16 3.5
2005 01 03 89512 140 18 1.7
2005 01 03 89512 170 22 2.3
2005 01 03 89512 120 12 4.3
2005 01 03 89512 60 4 3.1
2005 01 04 89512 190 18 .7
2005 01 04 89512 160 24 1.8
2005 01 04 89512 100 10 3.9
2005 01 04 89512 120 8 2.5
2005 01 05 89512 150 18 .3
2005 01 05 89512 120 24 1.8
2005 01 05 89512 90 12 3.8
2005 01 05 89512 160 6 2.5
2005 01 06 89512 200 24 .1
2005 01 06 89512 180 26 .9
2005 01 06 89512 120 12 4
2005 01 06 89512 190 6 4.4
2005 01 07 89512 170 20 -.4
2005 01 07 89512 170 22 .8
2005 01 07 89512 80 8 4.2
2005 01 07 89512 260 4 3.5
2005 01 08 89512 210 16 -1.9
2005 01 08 89512 170 20 1
2005 01 08 89512 130 8 3.5
2005 01 08 89512 210 6 4.1
2005 01 09 89512 180 20 -.4
2005 01 09 89512 130 26 1.2
2005 01 09 89512 130 12 3.8
2005 01 09 89512 160 10 4.3
2005 01 10 89512 170 32 .1
2005 01 10 89512 160 24 2
2005 01 10 89512 70 4 4.4
2005 01 10 89512 150 10 3.7
2005 01 11 89512 160 20 1.3
2005 01 11 89512 130 20 2.6
2005 01 11 89512 120 8 3.7
2005 01 11 89512 180 6 4.3
2005 01 12 89512 160 8 -.2
2005 01 12 89512 160 18 2
2005 01 12 89512 30 4 3.1
2005 01 12 89512 20 4 2.7
2005 01 13 89512 110 14 1.6
2005 01 13 89512 110 20 3.1
2005 01 13 89512 120 16 2
2005 01 14 89512 130 24 .6
2005 01 14 89512 120 18 .8
2005 01 14 89512 30 6 1.2
2005 01 14 89512 50 2 2.3
2005 01 15 89512 0 0 -2
2005 01 15 89512 100 4 -.7
2005 01 15 89512 130 8 1.1
2005 01 15 89512 110 16 .4
2005 01 16 89512 130 22 -3
2005 01 16 89512 130 30 -2.2
2005 01 16 89512 110 34 -.8
2005 01 16 89512 110 34 -.7
2005 01 17 89512 120 22 -2.5
2005 01 17 89512 120 18 -1.6
2005 01 17 89512 100 18 .7
2005 01 17 89512 120 14 .4
2005 01 18 89512 120 10 -2
2005 01 18 89512 110 14 -1.1
2005 01 18 89512 100 16 1.9
2005 01 18 89512 120 20 .3
2005 01 19 89512 120 18 .2
2005 01 19 89512 100 14 2.2
2005 01 19 89512 130 12 1.7
2005 01 20 89512 150 6 -.9
2005 01 20 89512 180 8 .9
2005 01 20 89512 110 8 2.7
2005 01 20 89512 350 2 2.4
2005 01 21 89512 200 6 -1.2
2005 01 21 89512 190 8 -.2
2005 01 21 89512 90 8 1.7
2005 01 21 89512 30 4 .5
2005 01 22 89512 90 4 -1.1
2005 01 22 89512 100 10 -1.6
2005 01 22 89512 110 12 -1.8
2005 01 22 89512 100 8 -.8
2005 01 23 89512 140 10 -3.8
2005 01 23 89512 130 6 -2.2
2005 01 23 89512 110 6 -.3
2005 01 23 89512 110 12 -1.2
2005 01 24 89512 130 18 -2.5
2005 01 24 89512 140 98 -1.9
2005 01 24 89512 110 14 .9
2005 01 24 89512 210 4 0
2005 01 25 89512 190 18 -4.2
2005 01 25 89512 170 20 -3.8
2005 01 25 89512 120 12 .2
2005 01 25 89512 40 4 -1.5
2005 01 26 89512 190 10 -4.6
2005 01 26 89512 180 20 -2.3
2005 01 26 89512 130 6 2.2
2005 01 26 89512 170 4 1.9
2005 01 27 89512 120 18 -1.1
2005 01 27 89512 130 8 -.8
2005 01 27 89512 40 4 -.3
2005 01 27 89512 320 4 -.1
2005 01 28 89512 60 2 -5.7
2005 01 28 89512 20 4 -3.8
2005 01 28 89512 50 8 1.1
2005 01 28 89512 120 18 -.9
2005 01 29 89512 120 26 -2.9
2005 01 29 89512 120 34 -3.9
2005 01 29 89512 120 36 -1.4
2005 01 29 89512 120 28 -.5
2005 01 30 89512 120 30 -.5
2005 01 30 89512 130 32 -.6
2005 01 30 89512 120 22 1.6
2005 01 30 89512 130 16 0
2005 01 31 89512 150 26 -.4
2005 01 31 89512 130 12 -.7
2005 01 31 89512 100 20 .1
2005 01 31 89512 110 22 -1.3
2006 01 01 89512 180 16 -1.1
2006 01 01 89512 160 24 -.4
2006 01 01 89512 70 8 1.7
2006 01 01 89512 120 8 .3
2006 01 02 89512 150 12 -2.9
2006 01 02 89512 120 14 -2.9
2006 01 02 89512 100 14 -1.9
2006 01 02 89512 110 6 -2.2
2006 01 03 89512 130 8 -4
2006 01 03 89512 140 12 -2
2006 01 03 89512 20 4 -.6
2006 01 03 89512 40 4 -1.8
2006 01 04 89512 170 4 -3.1
2006 01 04 89512 50 4 -3.2
2006 01 04 89512 130 6 -.7
2006 01 04 89512 120 12 -.8
2006 01 05 89512 130 12 -2.5
2006 01 05 89512 130 14 -1.8
2006 01 05 89512 110 12 .5
2006 01 05 89512 120 10 -.3
2006 01 06 89512 190 20 -2.1
2006 01 06 89512 180 10 -1.4
2006 01 06 89512 230 4 1.9
2006 01 06 89512 210 10 1.9
2006 01 07 89512 190 16 -2
2006 01 07 89512 190 10 -.5
2006 01 07 89512 60 4 1.7
2006 01 07 89512 150 4 1.9
2006 01 08 89512 170 12 -1.6
2006 01 08 89512 130 16 -.6
2006 01 08 89512 150 6 .6
2006 01 08 89512 40 4 1.4
2006 01 09 89512 0 0 -1.5
2006 01 09 89512 110 4 -.3
2006 01 09 89512 130 6 2.3
2006 01 09 89512 30 4 .3
2006 01 10 89512 0 0 -2.9
2006 01 10 89512 80 2 -3
2006 01 10 89512 30 4 -.7
2006 01 10 89512 30 4 -.9
2006 01 11 89512 140 2 -3.7
2006 01 11 89512 330 4 .1
2006 01 11 89512 90 8 3.5
2006 01 11 89512 20 4 .7
2006 01 12 89512 130 16 -.8
2006 01 12 89512 130 24 0
2006 01 12 89512 70 4 2.7
2006 01 12 89512 160 10 2.1
2006 01 13 89512 190 10 2
2006 01 13 89512 140 12 1.4
2006 01 13 89512 10 4 2.4
2006 01 13 89512 140 6 1.2
2006 01 14 89512 140 18 -1
2006 01 14 89512 150 18 .1
2006 01 14 89512 120 10 2.4
2006 01 14 89512 20 4 .9
2006 01 15 89512 180 20 -2.1
2006 01 15 89512 170 22 -.5
2006 01 15 89512 20 6 1.9
2006 01 15 89512 250 8 .2
2006 01 16 89512 180 18 -2.1
2006 01 16 89512 170 18 -1.2
2006 01 16 89512 190 6 3.3
2006 01 16 89512 220 10 2.5
2006 01 17 89512 170 16 .5
2006 01 17 89512 140 22 -.5
2006 01 17 89512 130 24 .6
2006 01 17 89512 130 28 -.5
2006 01 18 89512 130 22 -.4
2006 01 18 89512 140 18 -.7
2006 01 18 89512 100 14 1.7
2006 01 18 89512 110 10 .4
2006 01 19 89512 120 8 -.7
2006 01 19 89512 130 16 -1.2
2006 01 19 89512 90 14 -.7
2006 01 19 89512 190 4 -.5
2006 01 20 89512 130 16 -1.5
2006 01 20 89512 130 20 -2
2006 01 20 89512 100 12 -.1
2006 01 20 89512 110 14 -.5
2006 01 21 89512 120 14 -2
2006 01 21 89512 130 22 -1.2
2006 01 21 89512 130 22 -.2
2006 01 21 89512 120 24 -1
2006 01 22 89512 140 14 -1.3
2006 01 22 89512 140 12 -1.3
2006 01 22 89512 90 8 .8
2006 01 22 89512 120 4 -1
2006 01 23 89512 190 12 -3.8
2006 01 23 89512 170 20 -3.6
2006 01 23 89512 100 8 -.1
2006 01 23 89512 350 6 -2.3
2006 01 24 89512 170 12 -5.8
2006 01 24 89512 180 20 -3
2006 01 24 89512 20 8 -.6
2006 01 24 89512 350 6 -1.3
2006 01 25 89512 180 6 -4.8
2006 01 25 89512 140 20 -2.6
2006 01 25 89512 10 4 -.2
2006 01 25 89512 350 6 -1.1
2006 01 26 89512 80 6 -4.7
2006 01 26 89512 260 6 0
2006 01 26 89512 60 4 0
2006 01 26 89512 50 2 1.2
2006 01 27 89512 190 24 -.4
2006 01 27 89512 190 18 .5
2006 01 27 89512 70 8 2.9
2006 01 27 89512 320 6 .9
2006 01 28 89512 100 10 -.6
2006 01 28 89512 120 4 -1.3
2006 01 28 89512 110 6 .6
2006 01 28 89512 20 4 -1.2
2006 01 29 89512 50 2 -.8
2006 01 29 89512 130 20 -1.2
2006 01 29 89512 120 18 -1.3
2006 01 29 89512 130 10 -.3
2006 01 30 89512 120 22 -1.6
2006 01 30 89512 120 26 -2.1
2006 01 30 89512 120 22 -1.2
2006 01 30 89512 110 12 -1.4
2006 01 31 89512 130 14 -2
2006 01 31 89512 130 22 -2
2006 01 31 89512 120 20 .1
2006 01 31 89512 120 16 -1.1
2007 01 01 89512 10 2 -7.1
2007 01 01 89512 60 2 -.5
2007 01 01 89512 50 4 .5
2007 01 01 89512 130 4 .4
2007 01 02 89512 340 2 -2.5
2007 01 02 89512 60 2 0
2007 01 02 89512 70 6 1.8
2007 01 02 89512 130 10 1.8
2007 01 03 89512 130 22 .8
2007 01 03 89512 100 18 2.9
2007 01 03 89512 130 22 2.2
2007 01 04 89512 130 28 1.1
2007 01 04 89512 120 10 .5
2007 01 04 89512 110 16 2.3
2007 01 04 89512 120 10 1.9
2007 01 05 89512 140 12 .3
2007 01 05 89512 110 4 1.5
2007 01 05 89512 90 6 1.9
2007 01 05 89512 140 4 1.8
2007 01 06 89512 30 4 -2.3
2007 01 06 89512 70 4 -2.4
2007 01 06 89512 10 4 -.5
2007 01 06 89512 60 2 -.7
2007 01 07 89512 0 0 -3.6
2007 01 07 89512 140 18 .5
2007 01 07 89512 90 8 3.8
2007 01 07 89512 90 4 1.1
2007 01 08 89512 140 8 -2
2007 01 08 89512 140 22 -.2
2007 01 08 89512 100 8 2.7
2007 01 08 89512 50 2 1.7
2007 01 09 89512 130 8 -2.3
2007 01 09 89512 150 16 -1.3
2007 01 09 89512 30 6 -1.1
2007 01 09 89512 130 6 1.2
2007 01 10 89512 150 4 -1.4
2007 01 10 89512 120 12 -.8
2007 01 10 89512 110 12 .6
2007 01 10 89512 110 18 -.3
2007 01 11 89512 120 22 -.2
2007 01 11 89512 130 32 .1
2007 01 11 89512 100 22 1.1
2007 01 11 89512 110 14 .4
2007 01 12 89512 170 24 -1.9
2007 01 12 89512 160 22 -1.7
2007 01 12 89512 120 8 1.2
2007 01 12 89512 140 4 1.8
2007 01 13 89512 160 30 -2
2007 01 13 89512 160 26 -1.4
2007 01 13 89512 120 12 2.6
2007 01 13 89512 130 10 1.7
2007 01 14 89512 170 22 -1.9
2007 01 14 89512 120 14 -.2
2007 01 14 89512 100 12 3.4
2007 01 14 89512 120 16 2.2
2007 01 15 89512 160 20 .4
2007 01 15 89512 170 26 1.3
2007 01 15 89512 20 4 3.8
2007 01 15 89512 120 6 1.2
2007 01 16 89512 150 20 .4
2007 01 16 89512 150 22 .7
2007 01 16 89512 150 12 4.4
2007 01 16 89512 120 4 5
2007 01 17 89512 90 6 1
2007 01 17 89512 140 12 1
2007 01 17 89512 60 8 4
2007 01 17 89512 140 6 3
2007 01 18 89512 170 16 .5
2007 01 18 89512 140 16 .9
2007 01 18 89512 30 4 2.4
2007 01 18 89512 10 4 -2.4
2007 01 19 89512 10 6 -4.9
2007 01 19 89512 40 2 -3.3
2007 01 19 89512 30 8 -2.3
2007 01 19 89512 100 8 -2.5
2007 01 20 89512 10 6 -4.9
2007 01 20 89512 70 6 -1.7
2007 01 20 89512 130 6 -1.9
2007 01 21 89512 120 8 -4
2007 01 21 89512 100 6 -1.8
2007 01 21 89512 40 6 .2
2007 01 21 89512 110 8 -1.2
2007 01 22 89512 130 6 -3.2
2007 01 22 89512 160 20 -2.6
2007 01 22 89512 120 10 .3
2007 01 22 89512 160 8 1.2
2007 01 23 89512 140 6 -4.2
2007 01 23 89512 130 2 -1.4
2007 01 23 89512 130 4 .4
2007 01 23 89512 100 10 1.2
2007 01 24 89512 120 14 .4
2007 01 24 89512 130 18 2.1
2007 01 24 89512 130 12 3.2
2007 01 24 89512 120 10 2.2
2007 01 25 89512 110 6 -.9
2007 01 25 89512 100 8 -.4
2007 01 25 89512 50 8 -.1
2007 01 25 89512 120 6 .4
2007 01 26 89512 20 2 -1.6
2007 01 26 89512 30 4 -1
2007 01 26 89512 120 4 .9
2007 01 26 89512 160 6 1.8
2007 01 27 89512 160 14 -.5
2007 01 27 89512 180 24 .2
2007 01 27 89512 100 12 3
2007 01 27 89512 120 10 1.2
2007 01 28 89512 130 8 -2.7
2007 01 28 89512 120 18 -1.6
2007 01 28 89512 110 20 .4
2007 01 28 89512 110 18 -.1
2007 01 29 89512 130 20 -1.9
2007 01 29 89512 120 16 -.9
2007 01 29 89512 110 22 2.5
2007 01 29 89512 130 8 2.3
2007 01 30 89512 130 8 .1
2007 01 30 89512 160 18 -.7
2007 01 30 89512 110 8 1.8
2007 01 30 89512 100 8 .6
2007 01 31 89512 140 12 -2
2007 01 31 89512 130 16 -1.1
2007 01 31 89512 100 12 .7
2007 01 31 89512 120 10 -.8
2008 01 01 89512 140 10 -.7
2008 01 01 89512 340 8 1.2
2008 01 01 89512 140 4 -.6
2008 01 02 89512 150 20 -2.6
2008 01 02 89512 170 20 -1.7
2008 01 02 89512 360 6 -.3
2008 01 02 89512 360 6 -1
2008 01 03 89512 130 4 -3.9
2008 01 03 89512 180 14 -1
2008 01 03 89512 30 6 -1.2
2008 01 03 89512 10 8 -.5
2008 01 04 89512 150 6 -4.3
2008 01 04 89512 180 22 -.1
2008 01 04 89512 80 6 4.3
2008 01 04 89512 180 6 4.1
2008 01 05 89512 160 24 -1.2
2008 01 05 89512 140 22 -.3
2008 01 05 89512 110 12 1
2008 01 05 89512 230 4 .6
2008 01 06 89512 140 12 -2.3
2008 01 06 89512 150 6 -3.6
2008 01 06 89512 110 14 0
2008 01 06 89512 150 4 -.6
2008 01 07 89512 170 2 -2.9
2008 01 07 89512 140 4 -1
2008 01 07 89512 60 4 1.4
2008 01 07 89512 60 4 -.3
2008 01 08 89512 170 4 -3
2008 01 08 89512 170 12 -.3
2008 01 08 89512 120 12 .7
2008 01 08 89512 110 14 0
2008 01 09 89512 130 10 -1.3
2008 01 09 89512 130 16 -1.3
2008 01 09 89512 100 18 1.5
2008 01 09 89512 120 14 -.2
2008 01 10 89512 150 14 -2.8
2008 01 10 89512 120 10 -.3
2008 01 10 89512 80 10 1
2008 01 10 89512 200 4 1
2008 01 11 89512 230 6 -1.8
2008 01 11 89512 170 12 -1.5
2008 01 11 89512 140 14 1.2
2008 01 11 89512 80 4 0
2008 01 12 89512 200 22 -2.7
2008 01 12 89512 130 22 -.6
2008 01 12 89512 110 14 .9
2008 01 12 89512 140 8 1.3
2008 01 13 89512 160 20 -3.9
2008 01 13 89512 150 26 -2.2
2008 01 13 89512 110 18 -.1
2008 01 13 89512 100 20 -.5
2008 01 14 89512 140 28 -3.3
2008 01 14 89512 140 32 -2.2
2008 01 14 89512 120 28 -1.9
2008 01 14 89512 120 14 -1.4
2008 01 15 89512 160 20 -3.5
2008 01 15 89512 160 12 -1.8
2008 01 15 89512 110 12 -.6
2008 01 15 89512 180 4 -.7
2008 01 16 89512 160 6 -1.9
2008 01 16 89512 140 10 -2.4
2008 01 16 89512 110 12 -1.1
2008 01 16 89512 80 6 -1.5
2008 01 17 89512 130 4 -2.8
2008 01 17 89512 10 2 -2.1
2008 01 17 89512 70 6 -.3
2008 01 17 89512 40 4 -.7
2008 01 18 89512 190 8 -3.1
2008 01 18 89512 170 8 -2
2008 01 18 89512 360 6 -1.1
2008 01 18 89512 340 10 -1.4
2008 01 19 89512 140 4 -4.4
2008 01 19 89512 100 4 -2.6
2008 01 19 89512 130 6 -1.3
2008 01 19 89512 110 8 -1.4
2008 01 20 89512 140 8 -3.4
2008 01 20 89512 100 6 2.2
2008 01 20 89512 110 12 -2.6
2008 01 20 89512 110 10 -2.9
2008 01 21 89512 140 10 -4.5
2008 01 21 89512 130 16 -3.4
2008 01 21 89512 100 14 -2.9
2008 01 21 89512 90 12 -2.6
2008 01 22 89512 120 10 -3.7
2008 01 22 89512 130 18 -3
2008 01 22 89512 100 16 -1.1
2008 01 22 89512 120 18 -1.7
2008 01 23 89512 140 20 -3.8
2008 01 23 89512 140 24 -3.2
2008 01 23 89512 120 24 -1.1
2008 01 23 89512 120 24 -1.8
2008 01 24 89512 140 28 -3.1
2008 01 24 89512 140 30 -3.3
2008 01 24 89512 120 26 -2.2
2008 01 24 89512 130 22 -2.9
2008 01 25 89512 130 24 -3.8
2008 01 25 89512 130 24 -3.8
2008 01 25 89512 130 34 -2.5
2008 01 25 89512 130 32 -2.1
2008 01 26 89512 140 40 -2.9
2008 01 26 89512 140 38 -3.7
2008 01 26 89512 140 38 -2.4
2008 01 27 89512 130 20 -1.9
2008 01 27 89512 120 24 -1.6
2008 01 27 89512 120 36 -1.4
2008 01 27 89512 120 36 -1.8
2008 01 28 89512 130 28 -3
2008 01 28 89512 130 28 -2.7
2008 01 28 89512 120 26 -2
2008 01 28 89512 120 20 -1.8
2008 01 29 89512 140 24 -3.6
2008 01 29 89512 120 22 -2.8
2008 01 29 89512 110 34 -1.8
2008 01 29 89512 130 22 -1.6
2008 01 30 89512 140 10 -4.7
2008 01 30 89512 150 24 -2.4
2008 01 30 89512 120 20 .5
2008 01 30 89512 320 10 -.5
2008 01 31 89512 180 16 -3.3
2008 01 31 89512 160 20 -3.4
2008 01 31 89512 120 14 0
2008 01 31 89512 40 4 .9
2009 01 01 89512 110 32 -2.4
2009 01 01 89512 110 34 -2.5
2009 01 01 89512 110 26 -.9
2009 01 01 89512 130 24 -1.3
2009 01 02 89512 160 18 -3
2009 01 02 89512 140 12 -1.2
2009 01 02 89512 110 10 .6
2009 01 02 89512 110 6 .3
2009 01 03 89512 170 10 -1.7
2009 01 03 89512 210 2 -.7
2009 01 03 89512 100 4 1.5
2009 01 03 89512 70 4 -.7
2009 01 04 89512 80 2 -5.7
2009 01 04 89512 50 2 -5.2
2009 01 04 89512 100 14 -2.1
2009 01 04 89512 10 2 -.8
2009 01 05 89512 140 6 -3.6
2009 01 05 89512 50 4 -5.8
2009 01 05 89512 50 6 .1
2009 01 05 89512 30 4 -1
2009 01 06 89512 60 4 -3.2
2009 01 06 89512 130 16 -3.2
2009 01 06 89512 100 10 -.1
2009 01 06 89512 110 8 -1.3
2009 01 07 89512 140 16 -4.4
2009 01 07 89512 140 18 -3.4
2009 01 08 89512 130 22 -4.2
2009 01 08 89512 130 18 -3
2009 01 08 89512 110 20 -1
2009 01 08 89512 120 18 -1.6
2009 01 09 89512 140 16 -3.1
2009 01 09 89512 130 8 -2
2009 01 09 89512 80 10 .8
2009 01 09 89512 20 2 -.2
2009 01 10 89512 140 22 -.6
2009 01 10 89512 170 28 -1.3
2009 01 10 89512 190 10 2.2
2009 01 10 89512 180 6 2.4
2009 01 11 89512 190 26 -3.1
2009 01 11 89512 180 26 -4.1
2009 01 11 89512 130 16 2.3
2009 01 11 89512 150 10 1.5
2009 01 12 89512 140 14 -1.6
2009 01 12 89512 170 26 -.3
2009 01 12 89512 160 14 1.9
2009 01 12 89512 140 16 1.6
2009 01 13 89512 130 26 -2.1
2009 01 13 89512 130 20 -1
2009 01 13 89512 120 20 .3
2009 01 13 89512 130 22 -.1
2009 01 14 89512 140 22 -3.4
2009 01 14 89512 130 26 -1.9
2009 01 14 89512 120 18 1
2009 01 14 89512 130 8 .3
2009 01 15 89512 120 14 -2.5
2009 01 15 89512 130 12 -1.7
2009 01 15 89512 100 20 1.2
2009 01 15 89512 120 10 .6
2009 01 16 89512 130 18 .4
2009 01 16 89512 160 18 1.1
2009 01 16 89512 30 6 3.5
2009 01 16 89512 270 12 1.7
2009 01 17 89512 170 10 -1.6
2009 01 17 89512 190 6 .2
2009 01 17 89512 120 16 1.8
2009 01 17 89512 120 10 .8
2009 01 18 89512 160 6 -3
2009 01 18 89512 0 0 -1.4
2009 01 18 89512 110 12 1.8
2009 01 18 89512 150 4 1.7
2009 01 19 89512 150 32 -1.1
2009 01 19 89512 130 32 -.9
2009 01 19 89512 110 28 -.7
2009 01 19 89512 120 18 -1.4
2009 01 20 89512 130 6 -4.9
2009 01 20 89512 50 6 -3.5
2009 01 20 89512 30 8 -.7
2009 01 20 89512 360 6 -1.7
2009 01 21 89512 40 4 -6.8
2009 01 21 89512 50 6 -3.9
2009 01 21 89512 100 20 -.2
2009 01 21 89512 90 10 -1.6
2009 01 22 89512 140 16 -5.4
2009 01 22 89512 130 26 -3.5
2009 01 22 89512 100 18 -1
2009 01 22 89512 130 12 -1.7
2009 01 23 89512 140 18 -4.6
2009 01 23 89512 130 16 -3.3
2009 01 23 89512 120 24 -1.4
2009 01 23 89512 120 20 -2
2009 01 24 89512 130 36 -3.7
2009 01 24 89512 130 36 -3.2
2009 01 24 89512 120 28 -1.4
2009 01 24 89512 130 30 -1.9
2009 01 25 89512 130 32 -3.8
2009 01 25 89512 140 32 -2.8
2009 01 25 89512 130 30 -1.2
2009 01 25 89512 140 28 -.8
2009 01 26 89512 130 36 -1.9
2009 01 26 89512 130 34 -1
2009 01 26 89512 130 40 .8
2009 01 26 89512 120 38 .5
2009 01 27 89512 130 40 .1
2009 01 27 89512 100 16 -.2
2009 01 27 89512 110 36 1.4
2009 01 27 89512 90 22 -.3
2009 01 28 89512 130 24 -.5
2009 01 28 89512 130 26 .7
2009 01 28 89512 350 10 2.4
2009 01 28 89512 50 8 -.3
2009 01 29 89512 160 4 -3.7
2009 01 29 89512 130 18 -2.3
2009 01 29 89512 110 12 -.2
2009 01 29 89512 150 8 -.3
2009 01 30 89512 200 8 -1.7
2009 01 30 89512 180 18 -3.6
2009 01 30 89512 80 8 -1.2
2009 01 30 89512 130 12 -2.4
2009 01 31 89512 130 20 -2.9
2009 01 31 89512 140 22 -1.9
2009 01 31 89512 100 16 -.2
2009 01 31 89512 130 16 -.8
2010 01 01 89512 120 22 -1
2010 01 01 89512 120 38 -.4
2010 01 01 89512 120 32 .1
2010 01 01 89512 120 22 -.2
2010 01 02 89512 120 22 -.9
2010 01 02 89512 120 26 -.5
2010 01 02 89512 130 28 .4
2010 01 02 89512 120 28 -.3
2010 01 03 89512 120 34 -.2
2010 01 03 89512 130 42 .5
2010 01 04 89512 130 28 1
2010 01 04 89512 110 30 .2
2010 01 04 89512 120 28 1.6
2010 01 04 89512 120 22 2.1
2010 01 05 89512 130 28 .4
2010 01 05 89512 130 40 -.2
2010 01 05 89512 130 36 .5
2010 01 05 89512 130 30 .3
2010 01 06 89512 130 28 -1
2010 01 06 89512 130 32 -.3
2010 01 06 89512 120 28 1.2
2010 01 06 89512 100 20 1.1
2010 01 07 89512 130 26 .7
2010 01 07 89512 120 32 1.4
2010 01 07 89512 120 32 2.4
2010 01 07 89512 120 28 1.8
2010 01 08 89512 130 30 2.7
2010 01 08 89512 120 32 3.2
2010 01 08 89512 120 30 3.5
2010 01 08 89512 130 28 4.8
2010 01 09 89512 130 22 3.3
2010 01 09 89512 130 26 4.2
2010 01 09 89512 120 14 4.1
2010 01 09 89512 110 20 2.2
2010 01 10 89512 110 18 -.4
2010 01 10 89512 130 28 1.5
2010 01 10 89512 130 28 2.8
2010 01 10 89512 130 28 1.9
2010 01 11 89512 130 20 2
2010 01 11 89512 140 18 1.6
2010 01 11 89512 130 18 1.9
2010 01 11 89512 150 10 1.7
2010 01 12 89512 140 14 -.6
2010 01 12 89512 170 22 0
2010 01 12 89512 30 6 1.8
2010 01 12 89512 260 4 2.1
2010 01 13 89512 170 22 -1.7
2010 01 13 89512 170 28 -1.3
2010 01 13 89512 100 14 1.6
2010 01 13 89512 150 6 1.2
2010 01 14 89512 140 12 -3.2
2010 01 14 89512 120 14 -2.7
2010 01 14 89512 110 12 -.4
2010 01 14 89512 50 6 -1
2010 01 15 89512 100 14 -3.2
2010 01 15 89512 130 10 -1.8
2010 01 15 89512 110 14 .2
2010 01 15 89512 230 2 2.8
2010 01 16 89512 180 22 -1.3
2010 01 16 89512 110 22 .7
2010 01 16 89512 120 34 2.4
2010 01 16 89512 130 32 2.6
2010 01 17 89512 130 36 2.3
2010 01 17 89512 120 36 2
2010 01 17 89512 120 36 2.9
2010 01 17 89512 130 28 2.5
2010 01 18 89512 120 28 1.3
2010 01 18 89512 120 24 1.4
2010 01 18 89512 120 20 1
2010 01 18 89512 120 14 -.2
2010 01 19 89512 120 6 -1.1
2010 01 19 89512 110 8 -.6
2010 01 19 89512 260 4 1.1
2010 01 19 89512 360 6 -.3
2010 01 20 89512 60 4 -2.4
2010 01 20 89512 110 6 -2.1
2010 01 20 89512 40 4 1.3
2010 01 20 89512 40 4 .1
2010 01 21 89512 70 2 -2.9
2010 01 21 89512 140 18 2.1
2010 01 21 89512 130 10 3.1
2010 01 21 89512 140 14 2.4
2010 01 22 89512 170 22 .1
2010 01 22 89512 170 26 1.3
2010 01 22 89512 190 8 5.2
2010 01 22 89512 130 8 2.5
2010 01 23 89512 170 14 .9
2010 01 23 89512 190 22 .6
2010 01 23 89512 120 14 2
2010 01 23 89512 140 10 1.5
2010 01 24 89512 150 20 -.1
2010 01 24 89512 170 28 -.5
2010 01 24 89512 110 4 3.7
2010 01 24 89512 150 4 3.5
2010 01 25 89512 170 28 -.2
2010 01 25 89512 160 24 -.5
2010 01 25 89512 120 14 3.2
2010 01 25 89512 170 10 2
2010 01 26 89512 200 20 -1.4
2010 01 26 89512 190 20 -2.7
2010 01 26 89512 110 10 1.9
2010 01 26 89512 330 8 1.1
2010 01 27 89512 160 10 -2.8
2010 01 27 89512 160 24 -1.5
2010 01 27 89512 160 4 2.7
2010 01 28 89512 170 24 -1.2
2010 01 28 89512 130 22 -.3
2010 01 28 89512 110 18 1.3
2010 01 28 89512 140 6 .2
2010 01 29 89512 130 14 -3.3
2010 01 29 89512 120 16 -1.9
2010 01 29 89512 90 12 .3
2010 01 29 89512 120 8 -.2
2010 01 30 89512 130 16 -2.5
2010 01 30 89512 130 24 -1.4
2010 01 30 89512 110 32 .7
2010 01 30 89512 130 28 .3
2010 01 31 89512 120 24 -.7
2010 01 31 89512 130 34 -.6
2010 01 31 89512 120 24 .6
2010 01 31 89512 130 32 .6
2011 01 01 89512 130 16 -.5
2011 01 01 89512 120 30 .1
2011 01 01 89512 110 10 3.1
2011 01 02 89512 130 15 .2
2011 01 02 89512 50 10 .1
2011 01 02 89512 110 22 -.1
2011 01 03 89512 140 27 .7
2011 01 03 89512 130 27 .6
2011 01 03 89512 110 26 2.8
2011 01 03 89512 150 8 1.5
2011 01 04 89512 160 15 -1.7
2011 01 04 89512 160 17 .5
2011 01 04 89512 110 15 1.5
2011 01 04 89512 110 8 1.5
2011 01 05 89512 140 16 .4
2011 01 05 89512 130 28 -.9
2011 01 05 89512 110 25 -1.2
2011 01 05 89512 120 12 -.3
2011 01 06 89512 60 3 -2.2
2011 01 06 89512 160 25 -1.1
2011 01 06 89512 130 10 2.6
2011 01 06 89512 130 7 1.4
2011 01 07 89512 50 4 -2.9
2011 01 07 89512 130 7 -3
2011 01 07 89512 100 20 .8
2011 01 07 89512 110 20 .3
2011 01 08 89512 120 25 -.8
2011 01 08 89512 120 33 -.1
2011 01 08 89512 120 30 .1
2011 01 08 89512 120 35 .2
2011 01 09 89512 110 25 -.2
2011 01 09 89512 120 23 -.7
2011 01 09 89512 120 16 .3
2011 01 10 89512 140 18 -.2
2011 01 10 89512 130 15 -.7
2011 01 10 89512 130 20 1.8
2011 01 10 89512 130 12 3.2
2011 01 11 89512 120 18 1.8
2011 01 11 89512 140 25 1.5
2011 01 11 89512 100 15 3
2011 01 11 89512 110 10 2.2
2011 01 12 89512 120 9 -.8
2011 01 12 89512 130 27 1.1
2011 01 12 89512 120 18 2.7
2011 01 12 89512 130 16 2.6
2011 01 13 89512 140 16 .7
2011 01 13 89512 130 25 1.7
2011 01 13 89512 110 30 1.8
2011 01 13 89512 120 22 1.6
2011 01 14 89512 120 20 1.5
2011 01 14 89512 110 12 1
2011 01 14 89512 120 12 2.5
2011 01 14 89512 120 18 1.6
2011 01 15 89512 110 19 3.3
2011 01 15 89512 140 9 2.8
2011 01 16 89512 150 12 1
2011 01 16 89512 140 20 1.9
2011 01 16 89512 120 20 3.3
2011 01 16 89512 120 24 2.8
2011 01 17 89512 130 27 1.7
2011 01 17 89512 120 23 1.9
2011 01 17 89512 110 20 3.9
2011 01 18 89512 170 36 .7
2011 01 18 89512 160 30 1.8
2011 01 18 89512 120 17 5.3
2011 01 19 89512 130 23 3.4
2011 01 19 89512 130 28 2.9
2011 01 19 89512 120 20 3.4
2011 01 19 89512 130 18 2.4
2011 01 20 89512 120 14 1.3
2011 01 20 89512 330 3 2.5
2011 01 20 89512 150 8 4.7
2011 01 20 89512 130 10 4.2
2011 01 21 89512 140 15 3
2011 01 21 89512 150 20 2.5
2011 01 21 89512 110 10 3.7
2011 01 21 89512 200 6 4
2011 01 22 89512 180 15 1.3
2011 01 22 89512 140 25 .7
2011 01 22 89512 90 12 2.8
2011 01 22 89512 160 7 1.7
2011 01 23 89512 150 24 -.4
2011 01 23 89512 140 22 -.2
2011 01 23 89512 110 16 2.2
2011 01 23 89512 160 57 1.7
2011 01 24 89512 140 18 -10.8
2011 01 24 89512 140 22 -.2
2011 01 24 89512 110 16 3.3
2011 01 24 89512 130 16 .7
2011 01 25 89512 130 20 .7
2011 01 25 89512 70 6 1.1
2011 01 25 89512 100 15 .5
2011 01 26 89512 80 3 -1.3
2011 01 26 89512 150 7 -1.3
2011 01 26 89512 110 22 1.7
2011 01 26 89512 100 23 .3
2011 01 27 89512 140 25 -.6
2011 01 27 89512 140 32 .9
2011 01 27 89512 130 40 1.7
2011 01 27 89512 130 30 2.4
2011 01 28 89512 110 32 1.5
2011 01 28 89512 120 30 1.2
2011 01 28 89512 110 34 .8
2011 01 28 89512 110 32 .7
2011 01 29 89512 110 28 .1
2011 01 29 89512 120 20 -.4
2011 01 29 89512 110 14 -.2
2011 01 29 89512 130 15 .4
2011 01 30 89512 110 10 -.6
2011 01 30 89512 120 10 -.4
2011 01 30 89512 140 8 .8
2011 01 31 89512 190 22 -.7
2011 01 31 89512 170 19 -.5
2011 01 31 89512 110 7 2.6
2011 01 31 89512 310 8 2.7
2012 01 01 89512 130 18 -1.3
2012 01 01 89512 140 30 -.8
2012 01 01 89512 130 28 1.2
2012 01 01 89512 130 18 1
2012 01 02 89512 140 20 -.4
2012 01 02 89512 170 26 -2
2012 01 02 89512 110 8 1.7
2012 01 02 89512 150 4 .2
2012 01 03 89512 160 10 -2.1
2012 01 03 89512 160 20 -2
2012 01 03 89512 340 5 .7
2012 01 03 89512 40 4 -.9
2012 01 04 89512 10 4 -4.7
2012 01 04 89512 180 14 -3
2012 01 04 89512 140 4 2
2012 01 04 89512 220 12 1.5
2012 01 05 89512 190 12 -1
2012 01 05 89512 170 22 0
2012 01 05 89512 20 2 2.9
2012 01 05 89512 100 4 2.3
2012 01 06 89512 320 8 -1.6
2012 01 06 89512 110 14 -6.2
2012 01 06 89512 20 4 -3.7
2012 01 06 89512 20 8 -4.1
2012 01 07 89512 210 8 -4
2012 01 07 89512 330 10 -4.5
2012 01 07 89512 10 8 -2
2012 01 07 89512 320 12 -3
2012 01 08 89512 20 4 -6
2012 01 08 89512 0 0 -4.8
2012 01 08 89512 110 12 1.9
2012 01 08 89512 170 2 1.3
2012 01 09 89512 140 20 .1
2012 01 09 89512 130 20 .5
2012 01 09 89512 270 8 0
2012 01 10 89512 180 8 -.1
2012 01 10 89512 180 22 -1
2012 01 10 89512 120 8 2.8
2012 01 10 89512 60 4 .9
2012 01 11 89512 150 10 -.7
2012 01 11 89512 130 22 -1
2012 01 11 89512 110 8 3.2
2012 01 11 89512 130 8 .8
2012 01 12 89512 130 10 -2.1
2012 01 12 89512 80 10 -3.3
2012 01 12 89512 110 8 -1.8
2012 01 12 89512 70 12 -3.2
2012 01 13 89512 90 10 -3.4
2012 01 13 89512 130 14 -4.2
2012 01 13 89512 110 8 -3
2012 01 13 89512 0 0 -1.4
2012 01 14 89512 170 16 -3.6
2012 01 14 89512 170 18 -.9
2012 01 14 89512 80 8 .8
2012 01 14 89512 120 22 -.8
2012 01 15 89512 120 18 -2.6
2012 01 15 89512 130 18 -2.2
2012 01 15 89512 80 10 -.7
2012 01 15 89512 70 8 -1
2012 01 16 89512 140 14 -3.2
2012 01 16 89512 120 22 -2.4
2012 01 16 89512 80 12 .2
2012 01 16 89512 110 10 -1.1
2012 01 17 89512 120 14 -3.2
2012 01 17 89512 150 20 -2.7
2012 01 17 89512 130 18 -.7
2012 01 17 89512 140 12 -.6
2012 01 18 89512 150 10 -1.9
2012 01 18 89512 130 20 -1.3
2012 01 18 89512 120 14 1.7
2012 01 18 89512 110 6 .4
2012 01 19 89512 140 14 -1.5
2012 01 19 89512 160 26 -3.6
2012 01 19 89512 130 18 -.2
2012 01 19 89512 350 6 -.7
2012 01 20 89512 220 8 -3.9
2012 01 20 89512 170 24 -5
2012 01 20 89512 100 12 -.5
2012 01 20 89512 100 6 -2.4
2012 01 21 89512 120 22 -4.7
2012 01 21 89512 100 26 -3
2012 01 21 89512 110 34 -3.9
2012 01 22 89512 120 38 -4.5
2012 01 22 89512 130 50 -5.4
2012 01 22 89512 130 32 -4.6
2012 01 22 89512 130 30 -4.7
2012 01 23 89512 130 30 -4.8
2012 01 23 89512 130 24 -4.4
2012 01 23 89512 100 20 -2.5
2012 01 23 89512 130 22 -2.9
2012 01 24 89512 140 22 -4.1
2012 01 24 89512 130 24 -3.5
2012 01 24 89512 120 20 -1.4
2012 01 25 89512 130 28 -3.2
2012 01 25 89512 150 30 -3
2012 01 25 89512 110 20 0
2012 01 25 89512 130 28 -1.6
2012 01 26 89512 130 36 -1.9
2012 01 26 89512 120 34 -1.4
2012 01 26 89512 130 28 -.5
2012 01 27 89512 130 32 -1
2012 01 27 89512 140 32 -.8
2012 01 27 89512 120 30 1.2
2012 01 27 89512 120 28 1.3
2012 01 28 89512 130 30 0
2012 01 28 89512 160 32 -1.8
2012 01 28 89512 120 34 1.1
2012 01 28 89512 130 26 -.2
2012 01 29 89512 130 28 -1.6
2012 01 29 89512 140 30 -2.4
2012 01 29 89512 130 26 -.4
2012 01 29 89512 120 22 -1.2
2012 01 30 89512 130 22 -1.6
2012 01 30 89512 170 28 -2.6
2012 01 30 89512 160 16 1.2
2012 01 30 89512 250 4 1.7
2012 01 31 89512 130 14 -1.9
2012 01 31 89512 190 24 -1
2012 01 31 89512 110 24 2
2012 01 31 89512 130 10 .5
2013 01 01 89512 130 4 -.9
2013 01 01 89512 140 14 1.6
2013 01 01 89512 120 10 2
2013 01 01 89512 100 1 -.9
2013 01 02 89512 80 2 -1.1
2013 01 02 89512 40 2 -1.6
2013 01 02 89512 110 8 2.4
2013 01 02 89512 130 6 3
2013 01 03 89512 50 2 -.8
2013 01 03 89512 130 14 2.2
2013 01 03 89512 140 8 4
2013 01 03 89512 60 3 4.2
2013 01 04 89512 140 8 .6
2013 01 04 89512 130 16 1.1
2013 01 04 89512 90 12 1.3
2013 01 04 89512 100 1 -.4
2013 01 05 89512 350 1 -2.7
2013 01 05 89512 140 8 -1.8
2013 01 05 89512 50 5 .5
2013 01 05 89512 10 5 -1.6
2013 01 06 89512 140 4 -3.4
2013 01 06 89512 110 3 -2.5
2013 01 06 89512 20 6 1.2
2013 01 06 89512 180 4 2.8
2013 01 07 89512 160 8 -.6
2013 01 07 89512 190 9 1.6
2013 01 07 89512 50 4 3.2
2013 01 07 89512 0 4 1.8
2013 01 08 89512 180 6 -1.5
2013 01 08 89512 100 1 .3
2013 01 08 89512 120 8 3.8
2013 01 08 89512 70 4 -1.2
2013 01 09 89512 110 4 -4.9
2013 01 09 89512 100 2 -5.7
2013 01 09 89512 60 3 -3.7
2013 01 09 89512 130 3 -3.1
2013 01 10 89512 320 2 -4.7
2013 01 10 89512 140 2 -5.1
2013 01 10 89512 30 3 .1
2013 01 10 89512 70 2 -.2
2013 01 11 89512 200 14 1.9
2013 01 11 89512 190 24 1.5
2013 01 11 89512 130 10 5
2013 01 11 89512 60 3 4.3
2013 01 12 89512 150 22 3.1
2013 01 12 89512 140 22 2.5
2013 01 12 89512 130 8 4.6
2013 01 12 89512 150 6 2.3
2013 01 13 89512 160 16 2.2
2013 01 13 89512 140 22 3.5
2013 01 13 89512 130 6 6.4
2013 01 13 89512 130 4 5.3
2013 01 14 89512 190 1 1.2
2013 01 14 89512 10 4 .9
2013 01 14 89512 60 4 2.9
2013 01 14 89512 20 2 .9
2013 01 15 89512 140 4 -.8
2013 01 15 89512 130 12 .8
2013 01 15 89512 120 15 2
2013 01 15 89512 140 18 1.9
2013 01 16 89512 140 14 -.5
2013 01 16 89512 160 20 -.6
2013 01 16 89512 130 16 2.5
2013 01 16 89512 140 12 1.7
2013 01 17 89512 140 10 -1.7
2013 01 17 89512 120 16 -.1
2013 01 17 89512 90 6 2.8
2013 01 17 89512 100 6 1.7
2013 01 18 89512 130 10 -.3
2013 01 18 89512 90 12 -.1
2013 01 18 89512 90 12 2.7
2013 01 18 89512 120 12 1.8
2013 01 19 89512 130 14 .9
2013 01 19 89512 130 16 .7
2013 01 19 89512 120 10 .6
2013 01 19 89512 90 8 .1
2013 01 20 89512 10 1 -1.6
2013 01 20 89512 140 12 -.3
2013 01 20 89512 120 18 1.4
2013 01 20 89512 130 16 .3
2013 01 21 89512 140 14 -.4
2013 01 21 89512 150 12 .8
2013 01 21 89512 120 12 1.9
2013 01 21 89512 130 2 2.8
2013 01 22 89512 180 20 -.5
2013 01 22 89512 130 6 1.3
2013 01 22 89512 130 6 2.6
2013 01 22 89512 140 6 2.4
2013 01 23 89512 150 16 .8
2013 01 23 89512 140 22 1.2
2013 01 23 89512 130 6 3.9
2013 01 23 89512 130 4 3.6
2013 01 24 89512 180 20 -.4
2013 01 24 89512 150 28 -.5
2013 01 24 89512 110 20 1.8
2013 01 24 89512 110 8 2.2
2013 01 25 89512 180 28 -.6
2013 01 25 89512 140 26 1.4
2013 01 25 89512 130 24 2.5
2013 01 25 89512 130 26 1.9
2013 01 26 89512 130 26 .8
2013 01 26 89512 140 32 1
2013 01 26 89512 110 14 3.1
2013 01 26 89512 340 3 3.2
2013 01 27 89512 150 16 -.7
2013 01 27 89512 170 20 -2
2013 01 27 89512 110 10 1.7
2013 01 27 89512 140 7 .1
2013 01 28 89512 160 12 -3.4
2013 01 28 89512 140 16 -2.1
2013 01 28 89512 50 8 -.4
2013 01 28 89512 140 8 -.9
2013 01 29 89512 140 14 -1.8
2013 01 29 89512 140 22 -1.2
2013 01 29 89512 130 30 .7
2013 01 29 89512 120 20 .1
2013 01 30 89512 140 20 -1.1
2013 01 30 89512 180 26 -2.5
2013 01 30 89512 170 16 .6
2013 01 30 89512 210 12 -.5
2013 01 31 89512 180 22 -3.8
2013 01 31 89512 180 22 -4.8
2013 01 31 89512 120 9 -2.2
2013 01 31 89512 260 6 -1.6
2014 01 01 89512 130 28 1.8
2014 01 01 89512 120 30 1.9
2014 01 01 89512 120 30 1.9
2014 01 01 89512 110 16 2.4
2014 01 02 89512 140 24 2
2014 01 02 89512 140 22 .6
2014 01 02 89512 90 18 3.2
2014 01 02 89512 110 24 1.5
2014 01 03 89512 120 20 -.1
2014 01 03 89512 120 18 .9
2014 01 03 89512 100 18 2.7
2014 01 03 89512 120 8 3.1
2014 01 04 89512 110 12 .5
2014 01 04 89512 130 14 0
2014 01 04 89512 100 12 2
2014 01 04 89512 120 4 1.1
2014 01 05 89512 140 2 -.6
2014 01 05 89512 100 6 -.1
2014 01 05 89512 80 4 2.3
2014 01 05 89512 60 12 0
2014 01 06 89512 10 4 -2.1
2014 01 06 89512 120 14 -1.4
2014 01 06 89512 110 14 -.4
2014 01 06 89512 110 12 -.6
2014 01 07 89512 120 22 -2.8
2014 01 07 89512 120 22 -1.6
2014 01 07 89512 100 20 1.8
2014 01 07 89512 70 8 1.6
2014 01 08 89512 130 14 -1.4
2014 01 08 89512 10 4 -1.1
2014 01 08 89512 110 2 2.3
2014 01 08 89512 150 4 .4
2014 01 09 89512 100 6 -4.2
2014 01 09 89512 300 2 -3
2014 01 09 89512 70 2 3.5
2014 01 09 89512 20 2 4.3
2014 01 10 89512 130 18 2.4
2014 01 10 89512 120 24 3.1
2014 01 10 89512 100 16 4.4
2014 01 10 89512 100 10 3.2
2014 01 11 89512 120 16 .9
2014 01 11 89512 120 20 2.1
2014 01 11 89512 120 8 3.8
2014 01 11 89512 110 12 2.6
2014 01 12 89512 120 18 -.1
2014 01 12 89512 120 14 -.2
2014 01 12 89512 120 6 1.5
2014 01 12 89512 120 8 .5
2014 01 13 89512 110 10 0
2014 01 13 89512 110 14 -.6
2014 01 13 89512 110 10 .4
2014 01 13 89512 100 8 2.8
2014 01 14 89512 130 10 .5
2014 01 14 89512 130 24 2.2
2014 01 14 89512 120 18 4.4
2014 01 14 89512 120 24 3.7
2014 01 15 89512 130 22 2.6
2014 01 15 89512 140 20 3.3
2014 01 15 89512 90 6 2.7
2014 01 15 89512 90 4 1.2
2014 01 16 89512 140 6 .4
2014 01 16 89512 280 2 .8
2014 01 16 89512 20 4 2.1
2014 01 16 89512 340 4 .9
2014 01 17 89512 160 6 -3.4
2014 01 17 89512 60 2 -1.9
2014 01 17 89512 240 4 .7
2014 01 17 89512 320 8 -1
2014 01 18 89512 120 4 -2.6
2014 01 18 89512 150 6 -2.2
2014 01 18 89512 160 2 1.4
2014 01 18 89512 110 2 -1.4
2014 01 19 89512 160 2 -3.9
2014 01 19 89512 120 12 -1.7
2014 01 19 89512 100 10 .1
2014 01 19 89512 110 6 -.3
2014 01 20 89512 150 16 -3.5
2014 01 20 89512 120 10 -1.6
2014 01 20 89512 110 6 1
2014 01 20 89512 180 6 .3
2014 01 21 89512 170 14 -4.5
2014 01 21 89512 180 26 -4.8
2014 01 21 89512 80 4 -1.3
2014 01 21 89512 160 4 -1
2014 01 22 89512 150 18 -4.4
2014 01 22 89512 120 16 -2.1
2014 01 22 89512 120 22 -1.8
2014 01 22 89512 110 6 -.4
2014 01 23 89512 110 22 -4.9
2014 01 23 89512 180 26 -4.7
2014 01 23 89512 190 12 -.2
2014 01 24 89512 190 26 -5.9
2014 01 24 89512 130 22 -.8
2014 01 24 89512 120 10 2
2014 01 24 89512 210 4 2.1
2014 01 25 89512 170 28 -1.9
2014 01 25 89512 160 26 -2.3
2014 01 25 89512 140 14 .5
2014 01 25 89512 120 4 .1
2014 01 26 89512 180 20 -4.2
2014 01 26 89512 130 8 -1.8
2014 01 26 89512 110 16 -.2
2014 01 26 89512 110 10 -1.3
2014 01 27 89512 120 14 -1.9
2014 01 27 89512 120 16 -1.5
2014 01 27 89512 60 6 .3
2014 01 27 89512 30 2 -.6
2014 01 28 89512 190 8 -4.2
2014 01 28 89512 30 4 -4.2
2014 01 28 89512 140 2 -1.4
2014 01 28 89512 40 4 -2.1
2014 01 29 89512 160 6 -3.7
2014 01 29 89512 160 12 -4.1
2014 01 29 89512 100 10 -1.1
2014 01 29 89512 10 4 -2.2
2014 01 30 89512 170 16 -5.7
2014 01 30 89512 160 18 -5.5
2014 01 30 89512 100 8 -2.7
2014 01 30 89512 10 4 -3.4
2014 01 31 89512 170 10 -7.2
2014 01 31 89512 150 22 -6.1
2014 01 31 89512 70 8 -3.4
2014 01 31 89512 20 2 -4.4
2015 01 01 89512 160 10 -.5
2015 01 01 89512 100 6 1.2
2015 01 01 89512 70 10 .4
2015 01 02 89512 50 4 -.9
2015 01 02 89512 100 10 -1.2
2015 01 02 89512 40 4 -.5
2015 01 02 89512 20 4 -1.1
2015 01 03 89512 0 0 -2.5
2015 01 03 89512 80 8 -3.1
2015 01 03 89512 130 5 .3
2015 01 03 89512 20 3 -.7
2015 01 04 89512 130 8 -3.5
2015 01 04 89512 120 10 -3.1
2015 01 04 89512 30 5 -.2
2015 01 04 89512 80 2 -.9
2015 01 05 89512 80 10 -2.5
2015 01 05 89512 100 10 -2.5
2015 01 05 89512 30 8 -.6
2015 01 05 89512 230 10 -1.7
2015 01 06 89512 300 8 -2.6
2015 01 06 89512 320 8 -3.5
2015 01 06 89512 100 6 -.9
2015 01 06 89512 100 2 -1.1
2015 01 07 89512 130 12 -4.1
2015 01 07 89512 120 18 -4.1
2015 01 07 89512 100 16 -.8
2015 01 07 89512 100 16 -1.1
2015 01 08 89512 150 12 -2.7
2015 01 08 89512 140 10 -3
2015 01 08 89512 20 4 0
2015 01 08 89512 340 6 -1.4
2015 01 09 89512 160 10 -4.7
2015 01 09 89512 100 4 -4.2
2015 01 09 89512 20 8 -.8
2015 01 09 89512 50 4 -1.5
2015 01 10 89512 120 8 -4.8
2015 01 10 89512 100 10 -4.1
2015 01 10 89512 20 7 -.6
2015 01 10 89512 40 2 -1
2015 01 11 89512 90 2 -3.2
2015 01 11 89512 110 8 -4
2015 01 11 89512 90 4 .7
2015 01 11 89512 50 4 -.7
2015 01 12 89512 170 16 -4.3
2015 01 12 89512 130 15 -4.4
2015 01 12 89512 160 8 .3
2015 01 12 89512 150 4 -.6
2015 01 13 89512 170 15 -2.6
2015 01 13 89512 170 20 -2.5
2015 01 13 89512 110 10 1.3
2015 01 13 89512 40 4 2
2015 01 14 89512 180 10 -1.6
2015 01 14 89512 170 12 -1.9
2015 01 14 89512 330 4 1
2015 01 14 89512 50 2 -1.1
2015 01 15 89512 150 2 -4.6
2015 01 15 89512 140 4 -4
2015 01 15 89512 100 16 -.6
2015 01 15 89512 140 4 .3
2015 01 16 89512 130 18 -2.8
2015 01 16 89512 130 16 -1.9
2015 01 16 89512 100 15 1.3
2015 01 16 89512 110 12 2
2015 01 17 89512 180 20 1.3
2015 01 17 89512 170 26 1.5
2015 01 17 89512 140 26 -.4
2015 01 17 89512 120 22 1.4
2015 01 18 89512 140 20 .3
2015 01 18 89512 140 16 .5
2015 01 18 89512 120 16 4.6
2015 01 18 89512 120 16 3
2015 01 19 89512 110 22 -.2
2015 01 19 89512 120 22 -.3
2015 01 19 89512 120 18 -1.9
2015 01 19 89512 90 14 -2
2015 01 20 89512 120 14 -3
2015 01 20 89512 120 14 -3
2015 01 20 89512 130 20 -1.9
2015 01 20 89512 120 12 -.3
2015 01 21 89512 130 26 -1.1
2015 01 21 89512 120 24 -1.1
2015 01 21 89512 100 22 .6
2015 01 21 89512 130 30 .2
2015 01 22 89512 130 30 -1.8
2015 01 22 89512 130 30 -2
2015 01 22 89512 120 32 -.1
2015 01 22 89512 120 16 -.8
2015 01 23 89512 150 20 -1.3
2015 01 23 89512 150 22 -1.2
2015 01 23 89512 100 18 1
2015 01 23 89512 160 8 .1
2015 01 24 89512 190 20 -4.5
2015 01 24 89512 180 20 -3.2
2015 01 24 89512 140 8 2.2
2015 01 24 89512 130 12 1.3
2015 01 25 89512 170 18 -1.6
2015 01 25 89512 190 22 -2.5
2015 01 25 89512 110 20 -.9
2015 01 25 89512 30 8 -2.5
2015 01 26 89512 160 8 -5.4
2015 01 26 89512 140 10 -5.6
2015 01 26 89512 100 16 -.6
2015 01 26 89512 120 10 -1
2015 01 27 89512 160 10 -5.4
2015 01 27 89512 150 10 -5.7
2015 01 27 89512 30 4 -.5
2015 01 27 89512 30 8 -2.3
2015 01 28 89512 240 2 -6.7
2015 01 28 89512 100 8 -6.2
2015 01 28 89512 350 8 -.5
2015 01 28 89512 50 4 -3.4
2015 01 29 89512 90 8 -9.2
2015 01 29 89512 110 10 -8.7
2015 01 29 89512 70 8 -5.9
2015 01 29 89512 60 5 -5
2015 01 30 89512 140 2 -5.5
2015 01 30 89512 50 8 -5.6
2015 01 30 89512 110 6 -2.8
2015 01 30 89512 110 8 -3.4
2015 01 31 89512 120 8 -4.5
2015 01 31 89512 140 10 -5.2
2015 01 31 89512 120 8 -2
2015 01 31 89512 50 4 -3.5
2016 01 01 89512 180 14 -1.4
2016 01 01 89512 70 8 -.2
2016 01 01 89512 90 14 1.5
2016 01 01 89512 90 8 .6
2016 01 02 89512 140 18 -2.4
2016 01 02 89512 110 16 -1.5
2016 01 02 89512 90 8 1.6
2016 01 02 89512 30 4 1
2016 01 03 89512 110 6 -2
2016 01 03 89512 0 0 -2.2
2016 01 03 89512 10 4 -1.3
2016 01 03 89512 50 6 -3
2016 01 04 89512 30 6 -4.9
2016 01 04 89512 40 2 -4.5
2016 01 04 89512 100 6 -2
2016 01 04 89512 120 6 -2.3
2016 01 05 89512 80 8 -2.9
2016 01 05 89512 100 16 -4
2016 01 05 89512 100 20 -2.2
2016 01 05 89512 100 8 -1.9
2016 01 06 89512 130 20 -3.1
2016 01 06 89512 130 14 -2
2016 01 06 89512 20 4 .9
2016 01 06 89512 60 2 -.2
2016 01 07 89512 300 4 -5.4
2016 01 07 89512 120 6 -3.4
2016 01 07 89512 110 8 1.3
2016 01 07 89512 90 12 -.3
2016 01 08 89512 130 10 -4.4
2016 01 08 89512 140 28 -.1
2016 01 08 89512 110 22 .5
2016 01 08 89512 110 14 .5
2016 01 09 89512 130 30 .3
2016 01 09 89512 160 36 -.7
2016 01 09 89512 120 20 3
2016 01 09 89512 120 30 1.9
2016 01 10 89512 130 24 -.1
2016 01 10 89512 120 24 .5
2016 01 10 89512 110 26 .8
2016 01 10 89512 110 14 -.7
2016 01 11 89512 120 16 -1.6
2016 01 11 89512 110 22 -1.1
2016 01 11 89512 120 30 -1.1
2016 01 11 89512 120 32 -.8
2016 01 12 89512 120 36 -1.1
2016 01 12 89512 130 36 -1
2016 01 12 89512 120 36 1.1
2016 01 12 89512 130 30 .7
2016 01 13 89512 140 30 -.5
2016 01 13 89512 130 34 .7
2016 01 13 89512 120 22 2.8
2016 01 13 89512 130 14 2.3
2016 01 14 89512 170 22 -1.7
2016 01 14 89512 170 26 -1.1
2016 01 14 89512 110 10 1.6
2016 01 14 89512 50 4 .1
2016 01 15 89512 140 10 -4
2016 01 15 89512 110 30 -2
2016 01 15 89512 100 20 1.3
2016 01 15 89512 120 18 -.7
2016 01 16 89512 110 18 -1.6
2016 01 16 89512 120 18 -1.1
2016 01 16 89512 100 22 -.5
2016 01 16 89512 120 16 -.8
2016 01 17 89512 130 16 -2.7
2016 01 17 89512 120 26 -2
2016 01 17 89512 120 36 -1.9
2016 01 17 89512 120 38 -3.2
2016 01 18 89512 130 50 -4.4
2016 01 18 89512 140 60 -3.4
2016 01 18 89512 120 60 -1.3
2016 01 18 89512 130 42 -.9
2016 01 19 89512 140 32 -.7
2016 01 19 89512 130 32 -.6
2016 01 19 89512 90 20 1.6
2016 01 19 89512 120 16 .1
2016 01 20 89512 130 16 -2.2
2016 01 20 89512 120 22 -1.1
2016 01 20 89512 100 22 .6
2016 01 20 89512 120 8 .1
2016 01 21 89512 140 10 -1.1
2016 01 21 89512 160 18 -1.7
2016 01 21 89512 120 16 .9
2016 01 21 89512 120 6 1.3
2016 01 22 89512 180 20 -4
2016 01 22 89512 160 16 -3.3
2016 01 22 89512 110 14 -1.5
2016 01 22 89512 110 10 -1.7
2016 01 23 89512 170 20 -3.9
2016 01 23 89512 110 6 -2.9
2016 01 23 89512 100 14 .8
2016 01 23 89512 130 1 .1
2016 01 24 89512 200 16 -3.6
2016 01 24 89512 180 18 -3.1
2016 01 24 89512 120 10 2.4
2016 01 24 89512 350 4 1.6
2016 01 25 89512 190 8 -2.7
2016 01 25 89512 190 18 -2.9
2016 01 25 89512 40 6 1.7
2016 01 25 89512 50 4 -1.8
2016 01 26 89512 0 0 -6.1
2016 01 26 89512 0 0 -3.9
2016 01 26 89512 140 4 -1.2
2016 01 26 89512 30 4 -4
2016 01 27 89512 110 2 -6.9
2016 01 27 89512 360 4 -7.8
2016 01 27 89512 60 4 -3.7
2016 01 27 89512 10 4 -2.4
2016 01 28 89512 190 8 -4.6
2016 01 28 89512 360 6 -4
2016 01 28 89512 30 6 .6
2016 01 28 89512 230 4 1.3
2016 01 29 89512 190 12 -3.5
2016 01 29 89512 170 20 -2.5
2016 01 29 89512 340 8 0
2016 01 29 89512 50 2 -1
2016 01 30 89512 60 4 -7.8
2016 01 30 89512 0 0 -9.4
2016 01 30 89512 10 4 -4.4
2016 01 30 89512 110 6 -4.7
2016 01 31 89512 190 6 -5.9
2016 01 31 89512 100 2 -5
2016 01 31 89512 30 8 -3.8
2016 01 31 89512 100 16 -3.6
2017 01 01 89512 130 38 -.6
2017 01 01 89512 130 38 -1.7
2017 01 01 89512 120 24 .9
2017 01 01 89512 120 14 1.9
2017 01 02 89512 110 16 -.1
2017 01 02 89512 120 24 1.9
2017 01 02 89512 110 16 3
2017 01 02 89512 130 26 1.7
2017 01 03 89512 110 10 -3.6
2017 01 03 89512 110 24 .1
2017 01 03 89512 80 14 1.3
2017 01 03 89512 120 6 1.3
2017 01 04 89512 0 0 -2.2
2017 01 04 89512 120 18 .4
2017 01 04 89512 350 6 2.6
2017 01 04 89512 110 6 .7
2017 01 05 89512 170 12 -1.6
2017 01 05 89512 110 8 1.3
2017 01 05 89512 50 8 3.2
2017 01 05 89512 120 4 1.8
2017 01 06 89512 330 2 -3.9
2017 01 06 89512 120 8 -4.4
2017 01 06 89512 20 6 -2.4
2017 01 06 89512 20 4 -1.4
2017 01 07 89512 150 4 -5
2017 01 07 89512 150 10 -.8
2017 01 07 89512 30 8 1.6
2017 01 08 89512 120 6 -1.3
2017 01 08 89512 120 12 -1.5
2017 01 08 89512 100 16 .8
2017 01 08 89512 70 6 1
2017 01 09 89512 0 0 -3.5
2017 01 09 89512 290 4 -1.7
2017 01 09 89512 110 6 1.2
2017 01 09 89512 140 8 .3
2017 01 10 89512 130 8 -4.1
2017 01 10 89512 140 14 -2.4
2017 01 10 89512 110 18 .7
2017 01 10 89512 120 12 -1
2017 01 11 89512 140 12 -2
2017 01 11 89512 220 4 -.8
2017 01 11 89512 20 6 3.1
2017 01 11 89512 30 8 1.2
2017 01 12 89512 200 4 -3.8
2017 01 12 89512 130 10 -1.9
2017 01 12 89512 30 6 -.1
2017 01 12 89512 160 4 2
2017 01 13 89512 170 18 -2.3
2017 01 13 89512 140 16 .8
2017 01 13 89512 140 6 4.3
2017 01 13 89512 200 10 4
2017 01 14 89512 170 26 -.2
2017 01 14 89512 170 28 .8
2017 01 14 89512 140 8 5.3
2017 01 14 89512 160 8 3.8
2017 01 15 89512 170 16 2.9
2017 01 15 89512 160 12 4.3
2017 01 15 89512 140 8 5
2017 01 15 89512 140 8 4.9
2017 01 16 89512 140 14 2.8
2017 01 16 89512 150 16 4.7
2017 01 16 89512 170 6 6.4
2017 01 16 89512 60 4 3.4
2017 01 17 89512 170 14 1.6
2017 01 17 89512 120 8 2.7
2017 01 17 89512 40 2 1.6
2017 01 18 89512 80 2 -.3
2017 01 18 89512 160 18 2.2
2017 01 18 89512 100 12 2.7
2017 01 18 89512 140 10 1.8
2017 01 19 89512 150 12 -.6
2017 01 19 89512 30 4 -.7
2017 01 19 89512 110 10 2.9
2017 01 19 89512 170 4 1.1
2017 01 20 89512 170 8 -2.6
2017 01 20 89512 130 10 -1.4
2017 01 20 89512 110 14 -.2
2017 01 20 89512 110 6 1.8
2017 01 21 89512 130 14 -2.3
2017 01 21 89512 140 18 -1.2
2017 01 21 89512 100 16 .2
2017 01 21 89512 130 4 .1
2017 01 22 89512 170 20 -4
2017 01 22 89512 150 20 -2.3
2017 01 22 89512 120 6 .9
2017 01 22 89512 80 6 .6
2017 01 23 89512 190 24 -4
2017 01 23 89512 180 20 -2.1
2017 01 23 89512 340 10 3.5
2017 01 23 89512 190 6 1.7
2017 01 24 89512 120 4 -2.7
2017 01 24 89512 0 0 -1.1
2017 01 24 89512 10 2 -2.5
2017 01 25 89512 40 4 -3.9
2017 01 25 89512 100 12 -.8
2017 01 25 89512 70 4 -2
2017 01 26 89512 140 6 -3.9
2017 01 26 89512 150 10 -2.5
2017 01 26 89512 90 10 1.1
2017 01 26 89512 140 6 .2
2017 01 27 89512 120 18 -3.2
2017 01 27 89512 110 14 -2
2017 01 27 89512 30 8 .6
2017 01 27 89512 120 24 .2
2017 01 28 89512 120 22 -3
2017 01 28 89512 140 32 -1.1
2017 01 28 89512 130 44 .3
2017 01 28 89512 120 40 -.2
2017 01 29 89512 110 40 -.9
2017 01 29 89512 120 24 -.2
2017 01 29 89512 110 28 1.2
2017 01 29 89512 110 28 1.2
2017 01 30 89512 120 20 .5
2017 01 30 89512 110 28 1.9
2017 01 30 89512 110 18 1.9
2017 01 30 89512 110 14 1.8
2017 01 31 89512 140 16 .4
2017 01 31 89512 150 20 -.7
2017 01 31 89512 100 10 2.2
2017 01 31 89512 350 2 1.5
