year month day id wd wsd tmp
1998 12 22 89512 130 6 -5.2
1998 12 22 89512 120 14 -4
1998 12 22 89512 90 10 -1.4
1998 12 22 89512 110 10 -1.3
1998 12 23 89512 140 14 -4
1998 12 23 89512 140 14 -2.5
1998 12 23 89512 110 14 -.3
1998 12 23 89512 230 8 -.4
1998 12 24 89512 130 8 -5.3
1998 12 24 89512 120 14 -4.5
1998 12 24 89512 80 8 -2.4
1998 12 24 89512 40 8 -1.9
1998 12 25 89512 210 10 -5
1998 12 25 89512 160 6 -4
1998 12 25 89512 180 2 -1.8
1998 12 25 89512 100 6 -3
1998 12 26 89512 0 0 -5.9
1998 12 26 89512 10 2 -3.8
1998 12 26 89512 40 4 -.3
1998 12 26 89512 50 6 -1.9
1998 12 27 89512 50 2 -6.1
1998 12 27 89512 120 10 -2
1998 12 27 89512 40 6 -3.3
1998 12 27 89512 60 4 -3.5
1998 12 28 89512 120 6 -3.8
1998 12 28 89512 120 12 -2.8
1998 12 28 89512 120 24 -1.1
1998 12 28 89512 120 22 -.7
1998 12 29 89512 120 30 -1.1
1998 12 29 89512 130 28 -1.8
1998 12 29 89512 110 26 .9
1998 12 29 89512 120 34 .9
1998 12 30 89512 120 30 1.2
1998 12 30 89512 120 36 1.1
1998 12 30 89512 130 38 .9
1998 12 31 89512 120 26 1.1
1998 12 31 89512 130 26 1.4
1998 12 31 89512 130 28 2.6
1998 12 31 89512 120 24 2.4
1999 12 01 89512 10 2 -8.3
1999 12 01 89512 160 16 -6.9
1999 12 01 89512 70 10 -5
1999 12 01 89512 30 4 -5.7
1999 12 02 89512 200 6 -8.5
1999 12 02 89512 170 16 -7.5
1999 12 02 89512 70 10 -5.8
1999 12 02 89512 20 4 -6.3
1999 12 03 89512 140 12 -7.8
1999 12 03 89512 120 20 -6.5
1999 12 03 89512 10 4 -4.5
1999 12 04 89512 190 2 -7
1999 12 04 89512 180 8 -6.5
1999 12 04 89512 350 10 -3.4
1999 12 04 89512 250 8 -3.6
1999 12 05 89512 350 2 -10.8
1999 12 05 89512 20 4 -11.1
1999 12 05 89512 30 4 -6.5
1999 12 05 89512 140 4 -6.4
1999 12 06 89512 90 2 -8.6
1999 12 06 89512 130 8 -7.1
1999 12 06 89512 70 10 -4.6
1999 12 06 89512 60 2 -5.5
1999 12 07 89512 350 2 -7.3
1999 12 07 89512 50 2 -6.4
1999 12 07 89512 90 8 -4.8
1999 12 07 89512 180 2 -3.6
1999 12 08 89512 90 4 -8
1999 12 08 89512 30 2 -7.5
1999 12 08 89512 10 4 -6.1
1999 12 08 89512 90 6 -3.1
1999 12 09 89512 120 18 -2
1999 12 09 89512 110 20 -1.2
1999 12 09 89512 100 6 -.5
1999 12 10 89512 210 8 -4
1999 12 10 89512 310 2 -5
1999 12 10 89512 20 6 -4.3
1999 12 11 89512 90 10 -4.5
1999 12 11 89512 120 24 -4.4
1999 12 11 89512 100 22 -3.2
1999 12 11 89512 110 16 -2.4
1999 12 12 89512 120 20 -3.6
1999 12 12 89512 120 28 -3.4
1999 12 12 89512 110 24 -1.3
1999 12 12 89512 120 10 -1.5
1999 12 13 89512 130 8 1.9
1999 12 13 89512 180 10 -1.2
1999 12 14 89512 160 10 -1.2
1999 12 14 89512 70 10 1.1
1999 12 14 89512 70 10 1.4
1999 12 15 89512 220 4 -1.8
1999 12 15 89512 170 22 -2.2
1999 12 15 89512 100 12 .5
1999 12 16 89512 140 6 -3.5
1999 12 16 89512 120 18 -2.4
1999 12 16 89512 80 14 -.3
1999 12 16 89512 110 2 -1.5
1999 12 17 89512 170 14 -4.1
1999 12 17 89512 20 4 -3.2
1999 12 17 89512 110 2 -1.1
1999 12 18 89512 180 14 -3.5
1999 12 18 89512 160 24 -2.9
1999 12 18 89512 110 2 .1
1999 12 19 89512 120 10 -3.2
1999 12 19 89512 90 16 -3.5
1999 12 19 89512 90 26 -3.3
1999 12 19 89512 100 26 -4
1999 12 20 89512 100 42 -5.1
1999 12 20 89512 110 46 -5.7
1999 12 20 89512 110 46 -5.4
1999 12 20 89512 110 38 -4.8
1999 12 21 89512 120 36 -4.1
1999 12 21 89512 120 32 -3.6
1999 12 21 89512 110 30 -3
1999 12 21 89512 110 26 -3.5
1999 12 22 89512 120 38 -3.3
1999 12 22 89512 120 34 -2.8
1999 12 22 89512 110 42 -.6
1999 12 22 89512 110 26 -.6
1999 12 23 89512 130 18 -2.8
1999 12 23 89512 160 18 -.4
1999 12 23 89512 10 6 1.8
1999 12 23 89512 30 6 .9
1999 12 24 89512 110 2 -3.3
1999 12 24 89512 160 24 .1
1999 12 24 89512 20 8 2
1999 12 24 89512 350 4 1
1999 12 25 89512 330 2 -1.7
1999 12 25 89512 130 6 -.7
1999 12 25 89512 340 6 0
1999 12 26 89512 330 4 -1.4
1999 12 26 89512 100 12 -1.2
1999 12 26 89512 100 12 -1.5
1999 12 26 89512 100 12 -1.2
1999 12 27 89512 120 6 -5.8
1999 12 27 89512 350 4 -1.4
1999 12 27 89512 350 4 -1.4
1999 12 28 89512 360 4 -4.2
1999 12 28 89512 110 8 -4
1999 12 28 89512 70 4 -2
1999 12 28 89512 50 4 -1.8
1999 12 29 89512 60 8 -4.6
1999 12 29 89512 110 12 -6
1999 12 29 89512 70 10 -2.6
1999 12 30 89512 200 6 -5.4
1999 12 30 89512 160 16 -4.3
1999 12 30 89512 340 6 -3
1999 12 30 89512 60 4 -3.9
1999 12 31 89512 180 16 -3.6
1999 12 31 89512 150 20 -3.9
1999 12 31 89512 20 4 -.7
1999 12 31 89512 80 4 -1.4
2000 12 01 89512 0 0 -4
2000 12 01 89512 120 16 -.1
2000 12 01 89512 110 20 2.5
2000 12 01 89512 120 16 1.2
2000 12 02 89512 120 16 -.6
2000 12 02 89512 120 8 0
2000 12 02 89512 30 4 .3
2000 12 02 89512 130 4 -.2
2000 12 03 89512 140 6 -.6
2000 12 03 89512 350 2 -4.2
2000 12 03 89512 60 8 -.1
2000 12 03 89512 10 4 -2
2000 12 04 89512 150 4 -3.7
2000 12 04 89512 80 2 -3.5
2000 12 04 89512 10 4 -2.1
2000 12 04 89512 180 6 -1.2
2000 12 05 89512 190 8 -4
2000 12 05 89512 110 12 -3.8
2000 12 05 89512 90 12 -1.6
2000 12 05 89512 90 12 -1.7
2000 12 06 89512 120 16 -3.8
2000 12 06 89512 120 16 -3.1
2000 12 06 89512 100 10 -.4
2000 12 06 89512 50 4 -2
2000 12 07 89512 180 6 -4.1
2000 12 07 89512 160 22 -2.7
2000 12 07 89512 30 4 -1.4
2000 12 07 89512 40 4 -1.1
2000 12 08 89512 170 12 -4.4
2000 12 08 89512 130 20 -2.5
2000 12 08 89512 40 6 -1.3
2000 12 08 89512 350 4 -4
2000 12 09 89512 40 2 -8.8
2000 12 09 89512 10 2 -8.8
2000 12 09 89512 30 6 -2.1
2000 12 09 89512 40 2 -2.6
2000 12 10 89512 20 2 -4.2
2000 12 10 89512 150 10 -1.4
2000 12 10 89512 10 6 -.4
2000 12 10 89512 10 4 -.7
2000 12 11 89512 190 6 -3.1
2000 12 11 89512 160 2 -5.8
2000 12 11 89512 40 6 -4.6
2000 12 11 89512 160 2 -3.5
2000 12 12 89512 20 4 -6.9
2000 12 12 89512 30 4 -7
2000 12 12 89512 350 4 -6.2
2000 12 13 89512 170 36 -3.4
2000 12 13 89512 160 34 -2.5
2000 12 13 89512 140 26 .4
2000 12 13 89512 130 6 -.8
2000 12 14 89512 140 22 -2.4
2000 12 14 89512 100 14 -.3
2000 12 14 89512 20 6 -1.3
2000 12 15 89512 160 2 -3.1
2000 12 15 89512 110 20 -1.5
2000 12 15 89512 80 12 -.8
2000 12 15 89512 90 8 -.5
2000 12 16 89512 130 10 -3.3
2000 12 16 89512 120 32 -1.3
2000 12 16 89512 120 22 .9
2000 12 16 89512 100 10 1.4
2000 12 17 89512 130 18 -2.7
2000 12 17 89512 160 24 -1.2
2000 12 17 89512 100 8 1.9
2000 12 17 89512 20 4 .7
2000 12 18 89512 180 12 -1.1
2000 12 18 89512 70 4 2.3
2000 12 18 89512 50 8 .7
2000 12 19 89512 160 2 -2.3
2000 12 19 89512 170 22 -.9
2000 12 19 89512 100 10 1.3
2000 12 20 89512 100 10 1.3
2000 12 20 89512 120 2 -1.6
2000 12 20 89512 30 8 -2.1
2000 12 20 89512 30 4 -3.2
2000 12 21 89512 40 4 -4.6
2000 12 21 89512 50 2 -6.2
2000 12 21 89512 340 10 -2
2000 12 21 89512 280 12 -2.2
2000 12 22 89512 110 4 -5.2
2000 12 22 89512 20 4 -5.3
2000 12 22 89512 60 8 .6
2000 12 23 89512 60 4 -1.2
2000 12 23 89512 40 4 -.9
2000 12 24 89512 190 6 -2.7
2000 12 24 89512 110 8 -.9
2000 12 25 89512 120 14 -3.1
2000 12 25 89512 110 24 -.8
2000 12 25 89512 110 20 -2
2000 12 26 89512 110 20 -3
2000 12 27 89512 90 10 1
2000 12 27 89512 130 6 1.3
2000 12 28 89512 130 14 -1.7
2000 12 28 89512 100 18 1.2
2000 12 28 89512 120 16 .9
2000 12 29 89512 140 20 .2
2000 12 30 89512 90 12 -.6
2000 12 31 89512 130 6 1.1
2000 12 31 89512 60 8 -2.8
2001 12 04 89512 180 16 -4.2
2001 12 04 89512 170 18 -2.5
2001 12 04 89512 50 12 -.1
2001 12 04 89512 40 10 -3.1
2001 12 05 89512 180 22 -3
2001 12 05 89512 180 22 -2.8
2001 12 05 89512 220 4 2
2001 12 05 89512 170 22 1.2
2001 12 06 89512 180 32 -1.9
2001 12 06 89512 70 8 -2.5
2001 12 06 89512 270 8 -.2
2001 12 06 89512 150 10 -1.8
2001 12 07 89512 340 4 -4
2001 12 07 89512 150 24 1
2001 12 07 89512 120 6 3.4
2001 12 07 89512 110 4 .1
2001 12 08 89512 300 4 4
2001 12 08 89512 90 4 -3.5
2001 12 08 89512 80 6 -.1
2001 12 08 89512 110 8 .2
2001 12 09 89512 110 16 -.3
2001 12 09 89512 130 32 -1.6
2001 12 09 89512 110 24 -.3
2001 12 09 89512 140 16 -.8
2001 12 10 89512 200 18 -1.8
2001 12 10 89512 200 18 -1.8
2001 12 10 89512 40 6 -.1
2001 12 10 89512 140 8 -1.7
2001 12 11 89512 150 6 -2.7
2001 12 11 89512 130 20 -1.8
2001 12 11 89512 110 16 -.8
2001 12 11 89512 110 18 -2.1
2001 12 12 89512 130 22 -4.1
2001 12 12 89512 130 26 -3.8
2001 12 12 89512 110 24 -2.6
2001 12 12 89512 120 20 -2.5
2001 12 13 89512 120 16 -3.2
2001 12 13 89512 120 32 -4.4
2001 12 14 89512 130 34 -4.7
2001 12 14 89512 130 38 -4.5
2001 12 14 89512 130 40 -3.8
2001 12 14 89512 130 30 -3.3
2001 12 15 89512 130 28 -2.8
2001 12 15 89512 130 42 -3
2001 12 15 89512 130 38 -3
2001 12 15 89512 110 32 -3.3
2001 12 16 89512 120 24 -3.9
2001 12 16 89512 120 20 -3.4
2001 12 16 89512 120 14 -2.1
2001 12 16 89512 120 12 -2.2
2001 12 17 89512 140 18 -3.2
2001 12 17 89512 130 14 -3.2
2001 12 17 89512 120 6 -.9
2001 12 17 89512 350 6 -1.7
2001 12 18 89512 130 2 -5.4
2001 12 18 89512 130 16 -4.6
2001 12 18 89512 110 14 -1.4
2001 12 18 89512 360 6 -3.1
2001 12 19 89512 160 2 -4.5
2001 12 19 89512 130 22 -1.4
2001 12 19 89512 120 12 -.4
2001 12 19 89512 140 6 -1.5
2001 12 20 89512 140 16 -1.3
2001 12 20 89512 130 22 .8
2001 12 20 89512 140 12 3.1
2001 12 20 89512 210 10 3.1
2001 12 21 89512 180 30 -1.6
2001 12 21 89512 170 32 -1.2
2001 12 21 89512 160 8 2.9
2001 12 21 89512 130 16 1.9
2001 12 22 89512 170 22 -1.1
2001 12 22 89512 170 32 .2
2001 12 22 89512 140 14 4
2001 12 22 89512 220 4 4.9
2001 12 23 89512 140 24 .9
2001 12 23 89512 160 32 1
2001 12 23 89512 150 6 4
2001 12 23 89512 140 6 .8
2001 12 24 89512 180 18 .1
2001 12 24 89512 160 22 2.6
2001 12 24 89512 340 4 4.8
2001 12 24 89512 120 12 2.5
2001 12 25 89512 10 2 1.1
2001 12 25 89512 110 2 .2
2001 12 25 89512 30 4 .9
2001 12 25 89512 320 22 2.1
2001 12 26 89512 70 4 -1.6
2001 12 26 89512 290 12 -.6
2001 12 26 89512 330 10 1.3
2001 12 26 89512 20 4 -2.1
2001 12 27 89512 200 2 -3.3
2001 12 27 89512 190 18 -.6
2001 12 27 89512 110 8 2.7
2001 12 27 89512 60 2 .9
2001 12 28 89512 30 4 -6.3
2001 12 28 89512 130 22 -1.6
2001 12 28 89512 110 12 1.9
2001 12 28 89512 130 18 .9
2001 12 29 89512 120 20 -.2
2001 12 29 89512 100 16 1.3
2001 12 29 89512 130 20 .4
2001 12 30 89512 140 26 -.7
2001 12 30 89512 120 30 .2
2001 12 31 89512 130 52 -.5
2001 12 31 89512 120 38 -1.2
2001 12 31 89512 130 32 -.4
2002 12 01 89512 120 14 -5.4
2002 12 01 89512 330 2 -6.2
2002 12 01 89512 90 18 -2.2
2002 12 01 89512 110 18 -2.9
2002 12 02 89512 130 28 -4.8
2002 12 02 89512 130 30 -4.3
2002 12 02 89512 110 28 -1.1
2002 12 02 89512 110 22 -2.4
2002 12 03 89512 140 22 -5.2
2002 12 03 89512 70 16 -6.4
2002 12 03 89512 70 16 -4.6
2002 12 03 89512 30 10 -4
2002 12 04 89512 100 14 -5
2002 12 04 89512 130 14 -4
2002 12 04 89512 120 18 -3.2
2002 12 04 89512 100 20 -3.2
2002 12 05 89512 120 10 -4.5
2002 12 05 89512 270 6 -5.1
2002 12 05 89512 10 4 -2.2
2002 12 05 89512 230 4 -3.6
2002 12 06 89512 140 10 -6.1
2002 12 06 89512 110 20 -4.9
2002 12 06 89512 110 22 -2.7
2002 12 06 89512 90 8 -3.3
2002 12 07 89512 130 10 -5.6
2002 12 07 89512 120 22 -5.2
2002 12 07 89512 120 18 -2.5
2002 12 07 89512 100 12 -2.5
2002 12 08 89512 170 22 -5.6
2002 12 08 89512 180 24 -5.7
2002 12 08 89512 30 6 -1.1
2002 12 08 89512 210 14 -2.7
2002 12 09 89512 180 22 -7.2
2002 12 09 89512 190 18 -5.6
2002 12 09 89512 40 6 -6.1
2002 12 09 89512 90 6 -4.4
2002 12 10 89512 110 8 -8.6
2002 12 10 89512 120 4 -6.1
2002 12 10 89512 100 20 -3.7
2002 12 10 89512 110 22 -4.2
2002 12 11 89512 130 14 -5.8
2002 12 11 89512 110 18 -3.1
2002 12 11 89512 100 18 -2.2
2002 12 11 89512 120 12 -1.9
2002 12 12 89512 130 22 -1.4
2002 12 12 89512 110 12 -1.1
2002 12 12 89512 100 22 .2
2002 12 12 89512 80 8 -1.4
2002 12 13 89512 90 14 -4.1
2002 12 13 89512 130 18 -4.4
2002 12 13 89512 90 12 -2.5
2002 12 13 89512 100 8 -2.2
2002 12 14 89512 110 12 -3.1
2002 12 14 89512 120 18 -2.5
2002 12 14 89512 110 16 -.1
2002 12 14 89512 90 10 -.4
2002 12 15 89512 130 14 -1.8
2002 12 15 89512 110 14 -2.1
2002 12 15 89512 110 8 -.7
2002 12 15 89512 100 14 -.6
2002 12 16 89512 130 22 -2.6
2002 12 16 89512 110 18 -1.6
2002 12 16 89512 100 28 -.8
2002 12 16 89512 120 24 -1.2
2002 12 17 89512 130 34 -2.3
2002 12 17 89512 130 44 -2.5
2002 12 17 89512 130 38 -1.1
2002 12 17 89512 120 28 -1
2002 12 18 89512 120 28 -1.7
2002 12 18 89512 120 26 -1.3
2002 12 18 89512 120 24 .5
2002 12 18 89512 110 10 0
2002 12 19 89512 120 22 -1.2
2002 12 19 89512 110 38 -.3
2002 12 19 89512 130 24 .8
2002 12 19 89512 120 28 1.3
2002 12 20 89512 120 26 -.2
2002 12 20 89512 120 28 -.4
2002 12 20 89512 110 26 -.5
2002 12 20 89512 110 26 -1.1
2002 12 21 89512 90 18 -1.6
2002 12 21 89512 120 16 -.9
2002 12 21 89512 130 6 -.3
2002 12 21 89512 110 4 .6
2002 12 22 89512 160 6 -1.6
2002 12 22 89512 140 10 -.3
2002 12 22 89512 120 6 1.6
2002 12 22 89512 190 6 1.9
2002 12 23 89512 220 6 -1.4
2002 12 23 89512 110 6 -5.4
2002 12 23 89512 120 6 -1.2
2002 12 23 89512 240 4 6
2002 12 24 89512 290 10 -2.6
2002 12 24 89512 120 6 -3
2002 12 24 89512 100 10 -.4
2002 12 24 89512 160 2 1.2
2002 12 25 89512 200 14 -2
2002 12 25 89512 250 2 -1.1
2002 12 25 89512 120 24 .7
2002 12 25 89512 120 8 1.2
2002 12 26 89512 170 10 .4
2002 12 26 89512 160 18 -.3
2002 12 26 89512 70 10 1.2
2002 12 26 89512 30 4 -.5
2002 12 27 89512 200 10 -2
2002 12 27 89512 160 10 -.1
2002 12 27 89512 40 4 -.2
2002 12 27 89512 40 4 -2.4
2002 12 28 89512 150 4 -3.4
2002 12 28 89512 20 4 -3.4
2002 12 28 89512 140 6 -2
2002 12 28 89512 30 2 -2.4
2002 12 29 89512 180 2 -4.7
2002 12 29 89512 130 2 -2.5
2002 12 29 89512 130 4 -1.4
2002 12 29 89512 50 4 -1.2
2002 12 30 89512 160 12 -2.6
2002 12 30 89512 260 8 -5.4
2002 12 30 89512 100 10 -2.2
2002 12 30 89512 30 6 -1.6
2002 12 31 89512 140 2 -3.8
2002 12 31 89512 130 26 -.6
2002 12 31 89512 120 18 1.2
2002 12 31 89512 110 14 .8
2003 12 01 89512 160 22 -1.5
2003 12 01 89512 130 18 -.4
2003 12 01 89512 110 10 1.9
2003 12 01 89512 140 8 1.7
2003 12 02 89512 160 26 -.9
2003 12 02 89512 120 20 -.8
2003 12 02 89512 90 24 -.3
2003 12 02 89512 130 14 -2.3
2003 12 03 89512 160 22 -3.9
2003 12 03 89512 130 30 -3.5
2003 12 03 89512 100 18 -1.8
2003 12 03 89512 120 12 -2.4
2003 12 04 89512 130 40 -5.1
2003 12 04 89512 130 38 -4.6
2003 12 04 89512 110 32 -3.2
2003 12 04 89512 120 30 -3.8
2003 12 05 89512 130 20 -4.3
2003 12 05 89512 160 20 -3.5
2003 12 05 89512 100 8 1
2003 12 05 89512 160 14 .9
2003 12 06 89512 180 22 -2.9
2003 12 06 89512 30 6 -.9
2003 12 06 89512 110 4 1.4
2003 12 06 89512 350 8 -.8
2003 12 07 89512 150 2 -5.1
2003 12 07 89512 180 14 -.7
2003 12 07 89512 100 16 1.2
2003 12 07 89512 100 8 1
2003 12 08 89512 160 24 -.5
2003 12 08 89512 130 32 -.6
2003 12 08 89512 100 18 -.6
2003 12 09 89512 120 22 -3.2
2003 12 09 89512 130 26 -.6
2003 12 09 89512 140 10 .6
2003 12 10 89512 170 18 -1.1
2003 12 10 89512 170 14 .3
2003 12 10 89512 350 4 .9
2003 12 10 89512 150 4 2.1
2003 12 11 89512 180 10 .9
2003 12 11 89512 150 20 .7
2003 12 11 89512 100 20 2
2003 12 11 89512 350 4 .2
2003 12 12 89512 100 2 -5.8
2003 12 12 89512 20 2 -6.7
2003 12 12 89512 40 4 -1.3
2003 12 12 89512 50 8 -2.4
2003 12 13 89512 60 4 -5.7
2003 12 13 89512 30 4 -6.1
2003 12 13 89512 40 2 -.5
2003 12 13 89512 130 8 2.6
2003 12 14 89512 130 22 1.3
2003 12 14 89512 130 28 1.6
2003 12 14 89512 120 24 4
2003 12 14 89512 120 18 2.9
2003 12 15 89512 140 24 1.6
2003 12 15 89512 140 26 3
2003 12 15 89512 120 22 3.6
2003 12 15 89512 130 20 2.9
2003 12 16 89512 140 18 1
2003 12 16 89512 130 32 2.4
2003 12 16 89512 110 20 2.5
2003 12 16 89512 130 16 2.7
2003 12 17 89512 130 22 2
2003 12 17 89512 100 16 2.9
2003 12 17 89512 110 20 2.8
2003 12 17 89512 90 8 .7
2003 12 18 89512 130 8 -.4
2003 12 18 89512 140 6 1.5
2003 12 18 89512 150 6 4.2
2003 12 18 89512 260 10 2.9
2003 12 19 89512 190 22 1.2
2003 12 19 89512 170 18 2.5
2003 12 19 89512 350 6 3.6
2003 12 19 89512 140 4 -.9
2003 12 20 89512 120 4 -4.3
2003 12 20 89512 160 22 3.3
2003 12 20 89512 20 6 3.9
2003 12 20 89512 150 6 3.2
2003 12 21 89512 140 18 .5
2003 12 21 89512 140 26 1.7
2003 12 21 89512 110 12 3.1
2003 12 21 89512 130 8 2
2003 12 22 89512 150 20 .7
2003 12 22 89512 150 18 2.2
2003 12 22 89512 90 8 3.2
2003 12 22 89512 250 4 2.5
2003 12 23 89512 340 8 -2.7
2003 12 23 89512 10 4 -2.4
2003 12 23 89512 230 4 .3
2003 12 23 89512 40 4 -.9
2003 12 24 89512 60 2 -2.6
2003 12 24 89512 80 4 -1
2003 12 24 89512 50 6 -.6
2003 12 24 89512 10 6 -1
2003 12 25 89512 10 2 -1.7
2003 12 25 89512 60 2 -2.2
2003 12 25 89512 30 6 .4
2003 12 25 89512 10 4 -1.4
2003 12 26 89512 240 2 -2.9
2003 12 26 89512 20 4 -3.4
2003 12 26 89512 20 6 -.8
2003 12 26 89512 150 8 2.4
2003 12 27 89512 140 24 .1
2003 12 27 89512 130 30 -.1
2003 12 27 89512 110 36 -.9
2003 12 27 89512 100 28 -1.9
2003 12 28 89512 120 36 -2.6
2003 12 28 89512 130 36 -1.2
2003 12 28 89512 120 36 .1
2003 12 28 89512 130 28 0
2003 12 29 89512 120 34 -.7
2003 12 29 89512 130 40 .7
2003 12 29 89512 120 32 2.6
2003 12 29 89512 130 20 3.8
2003 12 30 89512 160 26 2.9
2003 12 30 89512 140 24 4.5
2003 12 30 89512 140 8 5.4
2003 12 30 89512 130 16 4.3
2003 12 31 89512 130 10 2.3
2003 12 31 89512 110 2 2.2
2003 12 31 89512 160 8 6
2003 12 31 89512 330 2 5.6
2004 12 01 89512 120 24 -1.2
2004 12 01 89512 130 26 -.6
2004 12 01 89512 100 24 1.2
2004 12 01 89512 120 12 .2
2004 12 02 89512 140 18 -.9
2004 12 02 89512 130 32 .2
2004 12 02 89512 100 24 1.6
2004 12 02 89512 120 12 1.4
2004 12 03 89512 130 16 -.8
2004 12 03 89512 130 20 -.5
2004 12 03 89512 100 10 1.3
2004 12 03 89512 130 8 2.4
2004 12 04 89512 130 18 -1.1
2004 12 04 89512 120 20 -.8
2004 12 04 89512 100 14 .9
2004 12 04 89512 50 2 .6
2004 12 05 89512 170 20 -1.9
2004 12 05 89512 150 20 -1.2
2004 12 05 89512 30 6 -.4
2004 12 05 89512 10 10 -.9
2004 12 06 89512 80 8 -4
2004 12 06 89512 120 22 -3.2
2004 12 06 89512 110 26 -2.5
2004 12 06 89512 110 20 -2.6
2004 12 07 89512 120 22 -3.3
2004 12 07 89512 110 16 -1.8
2004 12 07 89512 100 24 -.2
2004 12 07 89512 110 8 -1
2004 12 08 89512 170 8 -3
2004 12 08 89512 120 12 -.3
2004 12 08 89512 70 12 1
2004 12 08 89512 60 8 -.3
2004 12 09 89512 130 14 -1.5
2004 12 09 89512 100 16 .8
2004 12 09 89512 80 14 2.2
2004 12 09 89512 90 16 1
2004 12 10 89512 130 18 .3
2004 12 10 89512 120 24 2.4
2004 12 10 89512 90 22 2
2004 12 10 89512 100 20 .5
2004 12 11 89512 110 20 -.1
2004 12 11 89512 110 18 -.4
2004 12 11 89512 100 24 .9
2004 12 11 89512 100 16 .2
2004 12 12 89512 100 12 -.7
2004 12 12 89512 120 20 -1.6
2004 12 12 89512 100 18 -.6
2004 12 12 89512 20 4 -1
2004 12 13 89512 140 14 -1.6
2004 12 13 89512 150 20 -1.1
2004 12 13 89512 20 6 -1.5
2004 12 13 89512 350 2 -.7
2004 12 14 89512 130 12 -1.7
2004 12 14 89512 130 20 -.2
2004 12 14 89512 110 10 1.9
2004 12 14 89512 110 14 1.6
2004 12 15 89512 140 22 -1.3
2004 12 15 89512 120 18 .5
2004 12 15 89512 120 8 2.6
2004 12 15 89512 120 24 1.7
2004 12 16 89512 130 30 .9
2004 12 16 89512 120 30 .7
2004 12 16 89512 120 46 .9
2004 12 16 89512 110 34 -1.2
2004 12 17 89512 120 26 -1.2
2004 12 17 89512 130 40 -.3
2004 12 17 89512 120 32 2
2004 12 17 89512 120 28 3.6
2004 12 18 89512 130 36 1.9
2004 12 18 89512 130 30 1.6
2004 12 18 89512 120 36 3
2004 12 18 89512 120 26 2.8
2004 12 19 89512 130 26 1.6
2004 12 19 89512 130 30 1.4
2004 12 19 89512 120 20 1.3
2004 12 19 89512 110 12 2.2
2004 12 20 89512 130 22 1
2004 12 20 89512 120 16 1.3
2004 12 20 89512 100 20 3.1
2004 12 20 89512 90 10 1.7
2004 12 21 89512 90 8 .1
2004 12 21 89512 100 6 1
2004 12 21 89512 30 4 2.4
2004 12 21 89512 50 4 .6
2004 12 22 89512 100 2 -2.4
2004 12 22 89512 30 2 .1
2004 12 22 89512 30 6 .7
2004 12 22 89512 110 4 1.5
2004 12 23 89512 40 2 -.2
2004 12 23 89512 120 10 .8
2004 12 23 89512 60 6 2.4
2004 12 23 89512 60 4 1.9
2004 12 24 89512 80 2 -.9
2004 12 24 89512 120 6 -4
2004 12 24 89512 80 4 .2
2004 12 24 89512 110 8 .4
2004 12 25 89512 270 2 -1.9
2004 12 25 89512 60 4 -1.9
2004 12 25 89512 90 8 2.2
2004 12 25 89512 40 6 0
2004 12 26 89512 130 8 -1.1
2004 12 26 89512 100 8 1.6
2004 12 26 89512 10 6 .6
2004 12 26 89512 90 2 1.4
2004 12 27 89512 30 4 -2.8
2004 12 27 89512 120 6 4.2
2004 12 27 89512 130 10 4.9
2004 12 27 89512 200 12 4.7
2004 12 28 89512 150 18 2.9
2004 12 28 89512 130 28 2.8
2004 12 28 89512 110 20 2.3
2004 12 28 89512 130 14 3.9
2004 12 29 89512 140 14 1.4
2004 12 29 89512 120 8 3.5
2004 12 29 89512 110 6 5.5
2004 12 29 89512 130 12 4.2
2004 12 30 89512 140 20 2.5
2004 12 30 89512 130 18 1.9
2004 12 30 89512 120 20 3.3
2004 12 30 89512 130 12 2.8
2004 12 31 89512 150 22 1.8
2004 12 31 89512 130 20 1.5
2004 12 31 89512 130 16 3.6
2004 12 31 89512 120 18 2.7
2005 12 01 89512 150 12 -3.6
2005 12 01 89512 170 24 -2.8
2005 12 01 89512 60 4 .5
2005 12 01 89512 190 14 -.9
2005 12 02 89512 100 16 -3
2005 12 02 89512 110 18 -3.9
2005 12 02 89512 80 12 -3.2
2005 12 02 89512 70 4 -3.3
2005 12 03 89512 190 6 -5.4
2005 12 03 89512 130 16 -5.9
2005 12 03 89512 110 8 -3.2
2005 12 03 89512 70 8 -2.7
2005 12 04 89512 150 6 -5
2005 12 04 89512 10 4 -5
2005 12 04 89512 50 4 -2.5
2005 12 04 89512 50 2 -2
2005 12 05 89512 120 14 -1.8
2005 12 05 89512 110 10 -.1
2005 12 05 89512 40 4 1.5
2005 12 05 89512 130 4 1.2
2005 12 06 89512 160 24 -1.9
2005 12 06 89512 160 28 -1.1
2005 12 06 89512 130 8 3.2
2005 12 06 89512 160 14 3
2005 12 07 89512 130 18 .5
2005 12 07 89512 100 8 .9
2005 12 07 89512 140 6 1.3
2005 12 07 89512 220 20 3
2005 12 08 89512 160 16 -.2
2005 12 08 89512 130 24 1.8
2005 12 08 89512 30 4 .3
2005 12 08 89512 30 4 -.1
2005 12 09 89512 300 4 -3.1
2005 12 09 89512 360 2 -3.3
2005 12 09 89512 110 8 1.4
2005 12 09 89512 110 8 -1.3
2005 12 10 89512 60 4 -3.2
2005 12 10 89512 110 12 -2.3
2005 12 10 89512 70 4 -.6
2005 12 10 89512 110 6 .8
2005 12 11 89512 240 6 -3.4
2005 12 11 89512 100 4 -3.1
2005 12 11 89512 10 6 -1.6
2005 12 11 89512 40 4 -2.2
2005 12 12 89512 130 2 -3.7
2005 12 12 89512 110 6 -3
2005 12 12 89512 50 4 -1.9
2005 12 12 89512 40 4 -1.8
2005 12 13 89512 40 2 -2.9
2005 12 13 89512 110 10 -2.5
2005 12 13 89512 120 14 -1.3
2005 12 13 89512 80 10 -2.6
2005 12 14 89512 110 12 -3.7
2005 12 14 89512 120 16 -3.7
2005 12 14 89512 110 16 -2.1
2005 12 14 89512 120 10 -2.1
2005 12 15 89512 140 12 -3.7
2005 12 15 89512 60 6 -2
2005 12 15 89512 20 6 1.3
2005 12 15 89512 140 2 1.2
2005 12 16 89512 180 14 -1.9
2005 12 16 89512 130 16 .1
2005 12 16 89512 100 12 2.3
2005 12 16 89512 140 8 1.8
2005 12 17 89512 120 14 -1.2
2005 12 17 89512 120 20 .4
2005 12 17 89512 90 14 1.8
2005 12 17 89512 350 6 -2.5
2005 12 18 89512 40 2 -3.4
2005 12 18 89512 30 4 -3.6
2005 12 18 89512 30 4 -1.6
2005 12 18 89512 50 6 -1.9
2005 12 19 89512 100 6 -5.5
2005 12 19 89512 110 6 -5.9
2005 12 19 89512 40 4 -3.6
2005 12 19 89512 100 4 -3.2
2005 12 20 89512 100 16 -3
2005 12 20 89512 100 18 -2.9
2005 12 20 89512 110 20 -1.9
2005 12 20 89512 110 20 -2.6
2005 12 21 89512 130 6 -3.2
2005 12 21 89512 120 14 -3.9
2005 12 21 89512 100 16 -1.4
2005 12 21 89512 100 10 -1.9
2005 12 22 89512 130 10 -3.7
2005 12 22 89512 50 2 -2.8
2005 12 22 89512 330 10 -.3
2005 12 22 89512 320 10 -1.4
2005 12 23 89512 60 4 -4
2005 12 23 89512 100 10 -4.1
2005 12 23 89512 110 8 -2
2005 12 23 89512 50 4 -1.7
2005 12 24 89512 140 4 -4.7
2005 12 24 89512 120 6 -2
2005 12 24 89512 30 4 -1.6
2005 12 24 89512 10 4 -2.4
2005 12 25 89512 20 4 -3.5
2005 12 25 89512 100 14 -1.6
2005 12 25 89512 70 12 -2.1
2005 12 25 89512 60 6 -.9
2005 12 26 89512 220 4 -2.1
2005 12 26 89512 130 6 -1.4
2005 12 26 89512 90 12 .8
2005 12 26 89512 100 10 -.3
2005 12 27 89512 0 0 -2.7
2005 12 27 89512 110 18 1.4
2005 12 27 89512 50 12 .4
2005 12 27 89512 80 10 -.6
2005 12 28 89512 80 10 -2
2005 12 28 89512 130 12 -2.2
2005 12 28 89512 70 8 -1
2005 12 28 89512 70 2 -.6
2005 12 29 89512 90 4 -3.5
2005 12 29 89512 130 12 -3
2005 12 29 89512 100 14 -.3
2005 12 30 89512 120 18 -1.8
2005 12 30 89512 120 16 -1
2005 12 30 89512 120 24 -.7
2005 12 30 89512 120 20 -1
2005 12 31 89512 130 20 -2.4
2005 12 31 89512 120 12 -.4
2005 12 31 89512 60 8 2.2
2005 12 31 89512 100 4 1.9
2006 12 02 89512 160 4 .6
2006 12 02 89512 160 4 .6
2006 12 02 89512 20 8 -1.4
2006 12 02 89512 110 2 -.6
2006 12 03 89512 140 2 -4.8
2006 12 03 89512 130 4 -2.9
2006 12 03 89512 80 10 -1.8
2006 12 03 89512 60 6 -2.1
2006 12 04 89512 130 10 -6.2
2006 12 04 89512 100 10 -4.2
2006 12 04 89512 100 16 -2
2006 12 04 89512 110 10 -2.9
2006 12 05 89512 140 22 -5.2
2006 12 05 89512 160 28 -4.4
2006 12 05 89512 110 20 -1.3
2006 12 05 89512 220 4 -.4
2006 12 06 89512 140 22 -5.2
2006 12 06 89512 170 14 -4.1
2006 12 06 89512 80 10 -2.2
2006 12 06 89512 160 2 -1.8
2006 12 07 89512 170 22 -4.2
2006 12 07 89512 130 24 -2.6
2006 12 07 89512 110 24 -.2
2006 12 07 89512 130 22 -.4
2006 12 08 89512 140 20 -.2
2006 12 08 89512 160 24 -1.1
2006 12 08 89512 100 10 1.3
2006 12 09 89512 200 18 -2.7
2006 12 09 89512 160 22 -1.6
2006 12 09 89512 340 4 1.2
2006 12 09 89512 270 4 2
2006 12 10 89512 190 20 -2.5
2006 12 10 89512 170 20 -.7
2006 12 10 89512 30 6 1.4
2006 12 10 89512 340 4 1.3
2006 12 11 89512 200 10 -1.1
2006 12 11 89512 160 16 -.7
2006 12 11 89512 10 6 -.5
2006 12 11 89512 20 4 -4.6
2006 12 12 89512 40 4 -6.7
2006 12 12 89512 10 2 -6.5
2006 12 12 89512 30 4 -2.3
2006 12 12 89512 350 6 .1
2006 12 13 89512 110 6 -3.6
2006 12 13 89512 110 12 -1.7
2006 12 13 89512 10 2 -2.3
2006 12 14 89512 80 6 -6.9
2006 12 14 89512 130 16 -5.7
2006 12 14 89512 90 14 -2.1
2006 12 14 89512 100 10 -2.9
2006 12 15 89512 120 10 -5.1
2006 12 15 89512 120 22 -2.2
2006 12 15 89512 110 24 -.8
2006 12 15 89512 100 18 -1
2006 12 16 89512 110 10 -2.6
2006 12 16 89512 130 28 -2.6
2006 12 16 89512 100 26 -1.3
2006 12 16 89512 120 28 -.8
2006 12 17 89512 110 20 -1.5
2006 12 17 89512 120 30 -1.8
2006 12 17 89512 120 26 -1.3
2006 12 17 89512 130 26 .5
2006 12 18 89512 130 26 -.9
2006 12 18 89512 130 22 -.8
2006 12 18 89512 100 10 1.9
2006 12 18 89512 290 4 1.4
2006 12 19 89512 290 4 1.4
2006 12 19 89512 290 4 1.4
2006 12 19 89512 290 4 1.4
2006 12 19 89512 240 6 -2.1
2006 12 20 89512 140 2 -4.8
2006 12 20 89512 20 4 -7.3
2006 12 20 89512 30 4 -3.1
2006 12 20 89512 30 4 -3.2
2006 12 21 89512 10 2 -5.9
2006 12 21 89512 10 2 -6.2
2006 12 21 89512 100 6 -1.3
2006 12 21 89512 110 6 -.3
2006 12 22 89512 120 14 -3.3
2006 12 22 89512 130 20 -1.2
2006 12 22 89512 100 14 1.3
2006 12 22 89512 110 10 0
2006 12 23 89512 130 16 -2.5
2006 12 23 89512 110 12 -2.7
2006 12 23 89512 30 8 -1.2
2006 12 23 89512 160 4 -1.1
2006 12 24 89512 110 8 -2.4
2006 12 24 89512 140 6 -1.3
2006 12 24 89512 100 12 .2
2006 12 24 89512 250 6 .2
2006 12 25 89512 130 16 -3.6
2006 12 25 89512 130 14 -2
2006 12 25 89512 10 6 -1
2006 12 25 89512 350 6 -2.1
2006 12 26 89512 30 2 -5.5
2006 12 26 89512 130 6 -4.7
2006 12 26 89512 80 14 -2.7
2006 12 26 89512 90 12 -2.9
2006 12 27 89512 160 12 -3.9
2006 12 27 89512 130 10 -3.7
2006 12 27 89512 30 6 -1.2
2006 12 27 89512 70 2 -1.8
2006 12 28 89512 180 4 -4.2
2006 12 28 89512 50 4 -5.3
2006 12 28 89512 40 4 -3.6
2006 12 28 89512 50 4 -5.3
2006 12 29 89512 180 16 -4.1
2006 12 29 89512 170 18 -3.2
2006 12 29 89512 110 6 1.2
2006 12 29 89512 50 2 .8
2006 12 30 89512 240 4 -3.3
2006 12 30 89512 150 8 -2.4
2006 12 30 89512 30 4 .9
2006 12 30 89512 190 12 2.9
2006 12 31 89512 170 30 -1.8
2006 12 31 89512 180 24 -2
2006 12 31 89512 60 6 2.9
2006 12 31 89512 20 2 -1.6
2007 12 01 89512 140 10 -3.2
2007 12 01 89512 100 12 -1.8
2007 12 01 89512 40 8 0
2007 12 01 89512 150 2 -.4
2007 12 02 89512 170 10 -2.4
2007 12 02 89512 360 4 -1.8
2007 12 02 89512 50 6 -2.3
2007 12 02 89512 10 4 -3.1
2007 12 03 89512 80 2 -4.7
2007 12 03 89512 120 10 -2.5
2007 12 03 89512 30 6 -1.2
2007 12 03 89512 310 6 -1.1
2007 12 04 89512 180 12 -4.6
2007 12 04 89512 180 16 -1.8
2007 12 04 89512 260 8 .1
2007 12 04 89512 300 6 .8
2007 12 05 89512 110 10 -7.4
2007 12 05 89512 70 10 -8
2007 12 05 89512 100 14 -5.3
2007 12 05 89512 80 10 -4.6
2007 12 06 89512 130 28 -6.3
2007 12 06 89512 130 26 -4
2007 12 06 89512 110 22 -.6
2007 12 06 89512 270 6 -.3
2007 12 07 89512 190 8 -4
2007 12 07 89512 220 6 -3.9
2007 12 07 89512 40 6 -3.8
2007 12 07 89512 60 2 -2.9
2007 12 08 89512 130 14 -4.7
2007 12 08 89512 120 14 -2.1
2007 12 08 89512 120 32 -.7
2007 12 08 89512 120 24 -1.8
2007 12 09 89512 130 30 -2.1
2007 12 09 89512 130 28 -.1
2007 12 09 89512 130 30 2.1
2007 12 09 89512 210 4 3.9
2007 12 10 89512 190 16 -.8
2007 12 10 89512 160 24 .2
2007 12 10 89512 120 10 3.2
2007 12 10 89512 340 8 2.7
2007 12 11 89512 170 18 0
2007 12 11 89512 150 28 0
2007 12 11 89512 80 14 2
2007 12 11 89512 290 2 2.7
2007 12 12 89512 200 26 -1.3
2007 12 12 89512 150 26 .4
2007 12 12 89512 110 8 -3.4
2007 12 12 89512 10 4 2
2007 12 13 89512 140 18 -.9
2007 12 13 89512 150 24 1.7
2007 12 13 89512 120 18 3.2
2007 12 13 89512 130 20 2.1
2007 12 14 89512 130 20 -.1
2007 12 14 89512 130 22 1.3
2007 12 14 89512 120 14 2.6
2007 12 14 89512 120 12 1.8
2007 12 15 89512 130 12 -1.3
2007 12 15 89512 130 18 -.6
2007 12 15 89512 120 22 1
2007 12 15 89512 110 14 .7
2007 12 16 89512 100 12 -2.2
2007 12 16 89512 120 8 -.6
2007 12 16 89512 110 20 .6
2007 12 16 89512 110 14 0
2007 12 17 89512 140 10 -2.2
2007 12 17 89512 120 12 -.8
2007 12 17 89512 200 4 1.3
2007 12 17 89512 50 4 1.6
2007 12 18 89512 240 4 -.7
2007 12 18 89512 180 16 -.8
2007 12 18 89512 80 12 .3
2007 12 18 89512 100 10 -.3
2007 12 19 89512 130 12 -3.1
2007 12 19 89512 130 24 -1.4
2007 12 19 89512 120 20 .2
2007 12 19 89512 120 18 .9
2007 12 20 89512 160 20 -.8
2007 12 20 89512 160 22 -.5
2007 12 20 89512 130 24 1
2007 12 20 89512 120 6 -.2
2007 12 21 89512 210 14 -3.5
2007 12 21 89512 170 18 -2
2007 12 21 89512 30 6 1
2007 12 21 89512 40 4 -.9
2007 12 22 89512 190 8 -2.1
2007 12 22 89512 100 16 -1.4
2007 12 22 89512 110 22 -1.7
2007 12 23 89512 130 26 -2.8
2007 12 23 89512 130 30 -1.5
2007 12 23 89512 120 28 .8
2007 12 23 89512 130 26 .7
2007 12 24 89512 140 20 -1.2
2007 12 24 89512 140 18 .6
2007 12 24 89512 110 8 2.8
2007 12 24 89512 10 4 2.4
2007 12 25 89512 170 10 -.1
2007 12 25 89512 200 10 .6
2007 12 25 89512 50 4 2.7
2007 12 25 89512 170 8 2.2
2007 12 26 89512 190 4 .7
2007 12 26 89512 190 16 .2
2007 12 26 89512 110 8 2.7
2007 12 26 89512 170 6 2.6
2007 12 27 89512 190 24 -.7
2007 12 27 89512 190 24 -.9
2007 12 27 89512 360 4 3.7
2007 12 27 89512 120 2 3.2
2007 12 28 89512 170 14 0
2007 12 28 89512 140 10 .7
2007 12 28 89512 30 8 -1.1
2007 12 28 89512 40 4 -1
2007 12 29 89512 310 6 -1.7
2007 12 29 89512 320 8 -1.7
2007 12 29 89512 330 12 -.5
2007 12 29 89512 150 6 -2.5
2007 12 30 89512 150 4 -3.6
2007 12 30 89512 350 4 -2.3
2007 12 30 89512 60 6 -1.5
2007 12 30 89512 90 2 -.2
2007 12 31 89512 150 8 -2.3
2007 12 31 89512 130 8 .4
2007 12 31 89512 40 4 .3
2007 12 31 89512 20 6 -.8
2008 12 01 89512 140 16 -2.3
2008 12 01 89512 150 18 -1.9
2008 12 01 89512 220 4 1.6
2008 12 01 89512 250 6 .9
2008 12 02 89512 150 18 -3.6
2008 12 02 89512 160 24 -2.4
2008 12 02 89512 70 10 1.7
2008 12 02 89512 120 26 -.2
2008 12 03 89512 140 28 -2.3
2008 12 03 89512 130 32 -1.2
2008 12 03 89512 120 32 0
2008 12 03 89512 120 18 0
2008 12 04 89512 110 10 -2.6
2008 12 04 89512 120 26 -1.5
2008 12 04 89512 100 26 -.9
2008 12 04 89512 100 26 -3.2
2008 12 05 89512 110 16 -4.7
2008 12 05 89512 120 14 -4
2008 12 05 89512 90 16 -.9
2008 12 05 89512 110 12 -.1
2008 12 06 89512 120 16 -2.1
2008 12 06 89512 120 28 -1
2008 12 06 89512 90 22 -1.1
2008 12 06 89512 100 8 -1
2008 12 07 89512 170 8 -4.2
2008 12 07 89512 110 4 -1.4
2008 12 07 89512 50 6 -.6
2008 12 07 89512 90 14 -2.4
2008 12 08 89512 120 12 -4.3
2008 12 08 89512 100 22 -4.4
2008 12 08 89512 100 28 -2.2
2008 12 08 89512 120 30 -2.5
2008 12 09 89512 130 34 -2.9
2008 12 09 89512 130 34 -1.7
2008 12 09 89512 110 26 0
2008 12 09 89512 110 18 -.4
2008 12 10 89512 130 30 -.2
2008 12 10 89512 150 22 -1.6
2008 12 10 89512 120 34 .7
2008 12 10 89512 100 16 -5.7
2008 12 11 89512 120 20 -2.3
2008 12 11 89512 120 24 -3.2
2008 12 11 89512 90 8 .7
2008 12 11 89512 130 8 -.2
2008 12 12 89512 170 16 -2.6
2008 12 12 89512 120 12 -1.5
2008 12 12 89512 110 16 .6
2008 12 12 89512 140 6 0
2008 12 13 89512 190 16 -2.3
2008 12 13 89512 160 18 -.5
2008 12 13 89512 90 14 1.3
2008 12 13 89512 110 10 .7
2008 12 14 89512 110 16 -1.9
2008 12 14 89512 110 26 -2
2008 12 14 89512 100 24 .1
2008 12 14 89512 110 10 -.4
2008 12 15 89512 130 22 -2.8
2008 12 15 89512 110 22 -2.5
2008 12 15 89512 90 22 -1.5
2008 12 15 89512 100 18 -2.2
2008 12 16 89512 120 20 -2.3
2008 12 16 89512 130 22 -2.3
2008 12 16 89512 110 26 -1.3
2008 12 16 89512 120 18 -1.9
2008 12 17 89512 140 24 -1.7
2008 12 17 89512 130 26 -1.2
2008 12 17 89512 110 28 .4
2008 12 17 89512 110 12 .1
2008 12 18 89512 130 22 -1.1
2008 12 18 89512 120 10 -.3
2008 12 18 89512 100 18 1.8
2008 12 18 89512 150 8 1
2008 12 19 89512 150 12 -1.5
2008 12 19 89512 170 20 -2
2008 12 19 89512 170 20 -2
2008 12 19 89512 20 2 1.4
2008 12 20 89512 180 16 -2.6
2008 12 20 89512 120 12 -1.6
2008 12 20 89512 60 8 .6
2008 12 20 89512 270 4 .9
2008 12 21 89512 190 12 -2.1
2008 12 21 89512 120 16 -1.5
2008 12 21 89512 340 8 -.6
2008 12 21 89512 10 4 -1.8
2008 12 22 89512 100 2 -2.9
2008 12 22 89512 140 18 .6
2008 12 22 89512 110 18 2.2
2008 12 22 89512 140 8 2.5
2008 12 23 89512 160 28 -.5
2008 12 23 89512 110 26 .7
2008 12 23 89512 100 24 2.3
2008 12 23 89512 120 20 1.5
2008 12 24 89512 120 26 .1
2008 12 24 89512 110 34 .2
2008 12 24 89512 100 32 .8
2008 12 24 89512 110 26 -.1
2008 12 25 89512 130 14 -1.1
2008 12 25 89512 100 8 -.7
2008 12 25 89512 30 6 1.3
2008 12 25 89512 340 8 .4
2008 12 26 89512 140 4 -2.2
2008 12 26 89512 130 14 -1.5
2008 12 26 89512 90 8 -.6
2008 12 26 89512 70 4 -.1
2008 12 27 89512 50 2 -2.4
2008 12 27 89512 40 8 -2.9
2008 12 27 89512 140 6 -.9
2008 12 27 89512 20 4 -1.3
2008 12 28 89512 80 2 -2.7
2008 12 28 89512 110 16 -3.1
2008 12 28 89512 110 28 -1.7
2008 12 28 89512 110 32 -2.9
2008 12 29 89512 110 34 -2.9
2008 12 29 89512 130 32 -2.5
2008 12 29 89512 130 30 -3.3
2008 12 29 89512 120 26 -2.9
2008 12 30 89512 130 16 -2.1
2008 12 30 89512 130 12 -2.1
2008 12 30 89512 100 8 .8
2008 12 30 89512 130 8 1.9
2008 12 31 89512 170 16 -1.5
2008 12 31 89512 140 18 .4
2008 12 31 89512 110 16 1.7
2008 12 31 89512 110 26 -1.7
2009 12 01 89512 150 28 -2.7
2009 12 01 89512 150 28 -1.2
2009 12 01 89512 130 18 -.3
2009 12 02 89512 150 28 -2.7
2009 12 02 89512 130 6 -.7
2009 12 02 89512 20 6 1.1
2009 12 02 89512 30 4 -.2
2009 12 03 89512 340 2 -4.3
2009 12 03 89512 40 6 .5
2009 12 03 89512 110 4 -.4
2009 12 04 89512 50 6 -.7
2009 12 04 89512 130 32 -2.1
2009 12 04 89512 120 24 -1.7
2009 12 04 89512 130 26 -2.2
2009 12 05 89512 130 12 -6.2
2009 12 05 89512 160 18 -3.8
2009 12 05 89512 100 4 0
2009 12 05 89512 210 16 -.9
2009 12 06 89512 120 8 -4.9
2009 12 06 89512 170 24 -3.1
2009 12 06 89512 50 12 -.6
2009 12 06 89512 100 14 -2
2009 12 07 89512 130 26 -3.9
2009 12 07 89512 120 24 -2.6
2009 12 07 89512 90 22 -2.9
2009 12 07 89512 110 26 -4.1
2009 12 08 89512 120 30 -5.1
2009 12 08 89512 120 30 -4.1
2009 12 08 89512 120 32 -3.2
2009 12 08 89512 120 34 -2.2
2009 12 09 89512 130 40 -1.6
2009 12 09 89512 120 38 -1.1
2009 12 09 89512 120 28 -.5
2009 12 09 89512 110 26 .2
2009 12 10 89512 120 16 -1.2
2009 12 10 89512 120 22 -2.5
2009 12 10 89512 120 20 -2.3
2009 12 10 89512 120 12 -3.1
2009 12 11 89512 120 10 -3.3
2009 12 11 89512 110 12 -2.8
2009 12 11 89512 130 6 -.2
2009 12 11 89512 140 8 -.4
2009 12 12 89512 150 10 -2.5
2009 12 12 89512 110 12 -1.5
2009 12 12 89512 110 8 1.2
2009 12 12 89512 160 6 -.3
2009 12 13 89512 160 12 -3.2
2009 12 13 89512 180 6 -.8
2009 12 13 89512 100 8 1.2
2009 12 13 89512 150 10 -.9
2009 12 14 89512 150 22 -3.1
2009 12 14 89512 140 26 -2.1
2009 12 14 89512 120 16 0
2009 12 14 89512 120 14 -.9
2009 12 15 89512 130 26 -2.7
2009 12 15 89512 140 34 -2.9
2009 12 15 89512 120 28 .8
2009 12 15 89512 120 22 .6
2009 12 16 89512 140 30 -1.9
2009 12 16 89512 140 22 -1.3
2009 12 16 89512 40 6 1.5
2009 12 16 89512 130 6 .3
2009 12 17 89512 150 34 -1.7
2009 12 17 89512 170 28 -2.2
2009 12 17 89512 120 14 2.7
2009 12 17 89512 190 4 2.2
2009 12 18 89512 120 2 -3.9
2009 12 18 89512 140 4 -2.3
2009 12 18 89512 60 4 0
2009 12 18 89512 140 6 -.5
2009 12 19 89512 160 10 -3.4
2009 12 19 89512 120 20 -.9
2009 12 19 89512 110 10 2
2009 12 19 89512 190 4 .9
2009 12 20 89512 180 16 -2.2
2009 12 20 89512 200 4 -1.7
2009 12 20 89512 30 6 -.6
2009 12 20 89512 360 4 -.7
2009 12 21 89512 0 0 -3.5
2009 12 21 89512 10 2 -4.7
2009 12 21 89512 40 6 -3.5
2009 12 21 89512 100 2 -3.7
2009 12 22 89512 140 6 -5.8
2009 12 22 89512 50 4 -4.1
2009 12 22 89512 40 4 -.3
2009 12 22 89512 30 4 -2.3
2009 12 23 89512 340 2 -6
2009 12 23 89512 130 10 -2.4
2009 12 23 89512 90 8 -.2
2009 12 23 89512 20 4 -.6
2009 12 24 89512 190 10 -2.9
2009 12 24 89512 170 18 -2.2
2009 12 24 89512 30 4 -.5
2009 12 24 89512 30 4 -2.2
2009 12 25 89512 160 12 -3.3
2009 12 25 89512 170 30 -3.1
2009 12 25 89512 110 16 .5
2009 12 25 89512 240 2 .5
2009 12 26 89512 140 6 -3.2
2009 12 26 89512 50 4 -2.6
2009 12 26 89512 30 10 -1.8
2009 12 26 89512 30 4 -2.2
2009 12 27 89512 200 10 -4.6
2009 12 27 89512 120 10 -2.8
2009 12 27 89512 110 10 -1.8
2009 12 27 89512 160 4 -1.2
2009 12 28 89512 130 10 -3.8
2009 12 28 89512 150 14 -3.5
2009 12 28 89512 150 4 -.3
2009 12 28 89512 150 2 -1.3
2009 12 29 89512 200 12 -4.9
2009 12 29 89512 150 8 -4.6
2009 12 29 89512 30 8 -1.4
2009 12 29 89512 110 8 -2.6
2009 12 30 89512 130 16 -4.9
2009 12 30 89512 140 16 -3.6
2009 12 30 89512 80 10 0
2009 12 30 89512 150 6 .7
2009 12 31 89512 130 20 -.2
2009 12 31 89512 130 28 -.8
2009 12 31 89512 120 26 -.1
2009 12 31 89512 120 22 -.2
2010 12 01 89512 190 18 -5.5
2010 12 01 89512 120 11 -4.1
2010 12 01 89512 90 18 -2.1
2010 12 01 89512 100 12 -3.4
2010 12 02 89512 190 18 -5.5
2010 12 02 89512 170 23 -5.7
2010 12 02 89512 60 7 -3.2
2010 12 02 89512 330 12 -4.7
2010 12 03 89512 140 10 -8.2
2010 12 03 89512 170 9 -6.4
2010 12 03 89512 320 10 -3.5
2010 12 03 89512 290 10 -4.5
2010 12 04 89512 130 14 -7.4
2010 12 04 89512 50 3 -5.7
2010 12 04 89512 10 8 -5
2010 12 04 89512 50 11 -4
2010 12 05 89512 160 17 -6.9
2010 12 05 89512 130 23 -6.1
2010 12 05 89512 100 18 -2.9
2010 12 05 89512 130 11 -2.7
2010 12 06 89512 130 27 -5.1
2010 12 06 89512 120 36 -3.6
2010 12 06 89512 120 47 -2.4
2010 12 07 89512 130 47 -2.1
2010 12 07 89512 130 45 -.4
2010 12 07 89512 130 43 1.4
2010 12 07 89512 130 38 .8
2010 12 08 89512 140 32 -1.6
2010 12 08 89512 140 32 -1.2
2010 12 08 89512 130 30 2.2
2010 12 09 89512 170 32 -2.2
2010 12 09 89512 130 32 -1.2
2010 12 09 89512 100 20 -.3
2010 12 09 89512 120 24 .2
2010 12 10 89512 140 17 -3.6
2010 12 10 89512 130 25 -2.8
2010 12 10 89512 110 12 .1
2010 12 10 89512 170 12 .8
2010 12 11 89512 120 21 -.6
2010 12 11 89512 120 40 .1
2010 12 11 89512 110 29 -.7
2010 12 12 89512 100 18 1.9
2010 12 12 89512 100 7 1.9
2010 12 13 89512 130 22 .5
2010 12 13 89512 110 20 1.3
2010 12 13 89512 100 16 .4
2010 12 14 89512 120 18 -1.7
2010 12 14 89512 110 16 -.2
2010 12 14 89512 50 5 -1
2010 12 14 89512 130 6 2
2010 12 15 89512 120 16 -1.1
2010 12 15 89512 120 14 -.7
2010 12 15 89512 90 20 .6
2010 12 15 89512 110 25 .9
2010 12 16 89512 110 21 -1.6
2010 12 16 89512 110 27 -.8
2010 12 16 89512 120 36 -.2
2010 12 16 89512 110 34 -1.3
2010 12 17 89512 110 32 -1.3
2010 12 17 89512 120 36 -.7
2010 12 17 89512 110 40 -.2
2010 12 17 89512 120 30 .8
2010 12 18 89512 130 34 1.1
2010 12 18 89512 120 31 .1
2010 12 18 89512 100 18 2.5
2010 12 18 89512 90 10 3.1
2010 12 19 89512 80 3 -1
2010 12 19 89512 0 2 -3.1
2010 12 19 89512 30 4 -2.5
2010 12 20 89512 120 3 -3.4
2010 12 20 89512 100 11 -2.7
2010 12 20 89512 90 3 -1.4
2010 12 20 89512 120 15 -.9
2010 12 21 89512 110 15 -.2
2010 12 21 89512 130 11 1.4
2010 12 21 89512 20 5 2.9
2010 12 21 89512 290 5 3.4
2010 12 22 89512 130 3 -.8
2010 12 22 89512 160 13 .5
2010 12 22 89512 40 5 1.7
2010 12 22 89512 360 7 .2
2010 12 23 89512 90 3 -2.2
2010 12 23 89512 60 4 -2.9
2010 12 23 89512 20 5 -2
2010 12 23 89512 90 2 -.1
2010 12 24 89512 120 5 -3.2
2010 12 24 89512 40 5 -3.9
2010 12 24 89512 340 4 -2.8
2010 12 24 89512 270 5 -.6
2010 12 25 89512 340 4 -3.6
2010 12 25 89512 20 3 -2.9
2010 12 25 89512 350 7 -1.5
2010 12 25 89512 350 4 -1.1
2010 12 26 89512 140 4 -4.8
2010 12 26 89512 130 12 1.3
2010 12 26 89512 80 5 4
2010 12 26 89512 100 11 2.5
2010 12 27 89512 290 4 -2.3
2010 12 27 89512 90 8 .6
2010 12 27 89512 100 17 2.7
2010 12 27 89512 50 5 1
2010 12 28 89512 130 10 -.6
2010 12 28 89512 120 16 -.9
2010 12 28 89512 100 25 -1.2
2010 12 28 89512 100 27 -.9
2010 12 29 89512 120 30 -.8
2010 12 29 89512 120 30 .1
2010 12 29 89512 100 25 2.3
2010 12 29 89512 100 20 1
2010 12 30 89512 120 18 .6
2010 12 30 89512 100 16 3.3
2010 12 30 89512 110 22 1.8
2010 12 31 89512 140 18 -1
2010 12 31 89512 140 18 .8
2010 12 31 89512 120 24 1.6
2010 12 31 89512 100 20 .6
2011 12 01 89512 30 3 -10.9
2011 12 01 89512 60 8 -7.6
2011 12 01 89512 120 6 -7.6
2011 12 02 89512 210 2 -7.9
2011 12 02 89512 110 10 -8.7
2011 12 02 89512 160 4 -7.2
2011 12 02 89512 40 6 -7.4
2011 12 03 89512 60 2 -9.2
2011 12 03 89512 130 14 -8
2011 12 03 89512 100 10 -4.7
2011 12 03 89512 40 6 -5.7
2011 12 04 89512 120 12 -8.6
2011 12 04 89512 140 14 -8.6
2011 12 04 89512 110 8 -5.4
2011 12 04 89512 310 4 -4
2011 12 05 89512 120 4 -7.2
2011 12 05 89512 120 3 -6.3
2011 12 05 89512 150 4 -2.9
2011 12 05 89512 60 3 -5.7
2011 12 06 89512 0 0 -6.6
2011 12 06 89512 130 2 -6
2011 12 06 89512 20 4 -4.9
2011 12 06 89512 50 5 -5.9
2011 12 07 89512 40 2 -8
2011 12 07 89512 50 3 -7.1
2011 12 07 89512 140 4 -4.5
2011 12 07 89512 70 3 -5.7
2011 12 08 89512 130 16 -7.5
2011 12 08 89512 120 30 -8.4
2011 12 08 89512 120 42 -7.8
2011 12 08 89512 120 44 -7.4
2011 12 09 89512 130 44 -8.1
2011 12 09 89512 130 46 -7.9
2011 12 09 89512 130 44 -5.7
2011 12 09 89512 130 38 -5.3
2011 12 10 89512 130 40 -5.5
2011 12 10 89512 130 34 -5.4
2011 12 10 89512 120 30 -4.4
2011 12 10 89512 120 26 -4.4
2011 12 11 89512 120 24 -4.5
2011 12 11 89512 130 26 -4.1
2011 12 11 89512 320 16 -6.4
2011 12 11 89512 50 4 -7.1
2011 12 12 89512 100 4 -8.2
2011 12 12 89512 60 6 -8.8
2011 12 12 89512 30 4 -4.5
2011 12 12 89512 290 8 -3.4
2011 12 13 89512 120 6 -9.5
2011 12 13 89512 0 0 -8.6
2011 12 13 89512 20 4 -4.6
2011 12 13 89512 20 4 -6
2011 12 14 89512 140 4 -9.2
2011 12 14 89512 200 2 -7.5
2011 12 14 89512 80 10 -5.8
2011 12 14 89512 130 22 -6
2011 12 15 89512 130 24 -7.6
2011 12 15 89512 120 44 -6
2011 12 15 89512 130 62 -6.2
2011 12 15 89512 130 60 -5.7
2011 12 16 89512 130 48 -5.2
2011 12 16 89512 120 32 -3.5
2011 12 16 89512 120 24 -2.4
2011 12 16 89512 130 30 -.6
2011 12 17 89512 130 26 -1.2
2011 12 17 89512 130 26 .3
2011 12 17 89512 120 32 0
2011 12 17 89512 100 34 0
2011 12 18 89512 100 14 -1.1
2011 12 18 89512 100 14 -3.1
2011 12 18 89512 90 18 -1
2011 12 18 89512 110 16 -2.2
2011 12 19 89512 130 22 -3.2
2011 12 19 89512 140 18 -2.2
2011 12 19 89512 40 3 1.6
2011 12 19 89512 150 4 -2.1
2011 12 20 89512 130 24 -.6
2011 12 20 89512 130 20 .2
2011 12 20 89512 120 22 .9
2011 12 20 89512 120 26 -1.5
2011 12 21 89512 130 28 -1.2
2011 12 21 89512 130 18 1
2011 12 21 89512 30 6 1.1
2011 12 21 89512 140 14 .7
2011 12 22 89512 130 12 .3
2011 12 22 89512 130 18 .1
2011 12 22 89512 110 26 -.4
2011 12 23 89512 130 18 -.2
2011 12 23 89512 140 4 .4
2011 12 23 89512 100 4 3
2011 12 23 89512 190 12 2.4
2011 12 24 89512 120 16 -.8
2011 12 24 89512 120 16 .8
2011 12 24 89512 110 8 .6
2011 12 24 89512 10 4 -.6
2011 12 25 89512 190 4 -2.4
2011 12 25 89512 150 2 -2.4
2011 12 25 89512 80 14 -1.4
2011 12 25 89512 120 16 -2.3
2011 12 26 89512 130 38 -4.2
2011 12 26 89512 120 32 -2.4
2011 12 26 89512 120 36 -2.4
2011 12 26 89512 130 44 -2.9
2011 12 27 89512 130 40 -3
2011 12 27 89512 130 34 -2
2011 12 27 89512 110 28 -.8
2011 12 27 89512 120 18 -1.4
2011 12 28 89512 130 22 -2.1
2011 12 28 89512 120 20 -2.3
2011 12 28 89512 110 28 -2.5
2011 12 28 89512 110 24 -2.6
2011 12 29 89512 120 28 -3.5
2011 12 29 89512 130 32 -3.1
2011 12 29 89512 130 28 -2.3
2011 12 29 89512 130 30 -2.3
2011 12 30 89512 130 32 -2
2011 12 30 89512 120 24 -.9
2011 12 30 89512 80 10 .5
2011 12 30 89512 140 12 -.5
2011 12 31 89512 130 22 -2.2
2011 12 31 89512 130 30 -2.3
2011 12 31 89512 130 26 .3
2011 12 31 89512 120 18 -.8
2012 12 01 89512 140 24 -1.3
2012 12 01 89512 130 16 1.1
2012 12 01 89512 130 6 -.1
2012 12 02 89512 110 2 -3.1
2012 12 02 89512 140 12 -1.1
2012 12 02 89512 50 8 .5
2012 12 02 89512 270 6 1
2012 12 03 89512 170 7 -3.2
2012 12 03 89512 150 12 -2.3
2012 12 03 89512 40 8 -.9
2012 12 03 89512 120 8 -.7
2012 12 04 89512 170 14 -2.7
2012 12 04 89512 140 15 -1.1
2012 12 04 89512 50 11 -1
2012 12 04 89512 50 4 -1.7
2012 12 05 89512 350 3 -4.7
2012 12 05 89512 270 1 -4
2012 12 05 89512 40 6 -1.1
2012 12 05 89512 270 2 -1.2
2012 12 06 89512 10 2 -7.4
2012 12 06 89512 120 18 -.7
2012 12 06 89512 90 3 -1.3
2012 12 07 89512 240 4 -5.8
2012 12 07 89512 140 10 -5.1
2012 12 07 89512 70 10 -1.3
2012 12 07 89512 100 4 -2.9
2012 12 08 89512 150 7 -6.3
2012 12 08 89512 100 18 -3.3
2012 12 09 89512 110 10 -.6
2012 12 09 89512 40 6 -.5
2012 12 10 89512 70 1 -4.3
2012 12 10 89512 140 20 -1.9
2012 12 10 89512 120 16 1.2
2012 12 10 89512 140 4 1.2
2012 12 11 89512 130 12 -.9
2012 12 11 89512 150 22 1.8
2012 12 11 89512 120 24 2.2
2012 12 11 89512 130 12 1
2012 12 12 89512 130 22 -.1
2012 12 12 89512 50 6 -1.6
2012 12 12 89512 100 10 3.5
2012 12 12 89512 20 2 -1.6
2012 12 13 89512 100 2 -3.8
2012 12 13 89512 160 17 1.1
2012 12 13 89512 120 10 1.4
2012 12 13 89512 30 3 -.3
2012 12 14 89512 90 2 -2.2
2012 12 14 89512 190 18 -1.8
2012 12 14 89512 130 6 .5
2012 12 14 89512 130 3 2.2
2012 12 15 89512 170 16 -.5
2012 12 15 89512 170 24 -.8
2012 12 15 89512 100 12 2.9
2012 12 15 89512 110 8 1.6
2012 12 16 89512 130 16 .1
2012 12 16 89512 130 16 -.1
2012 12 16 89512 120 18 1
2012 12 16 89512 120 20 .1
2012 12 17 89512 130 26 -.5
2012 12 17 89512 120 30 -.6
2012 12 17 89512 130 32 -1.1
2012 12 17 89512 140 32 -.4
2012 12 18 89512 140 32 1.3
2012 12 18 89512 130 20 .5
2012 12 18 89512 140 46 1.1
2012 12 18 89512 140 24 1.4
2012 12 19 89512 140 16 .4
2012 12 19 89512 130 20 1.1
2012 12 19 89512 130 16 2.6
2012 12 19 89512 130 14 2.5
2012 12 20 89512 130 18 .5
2012 12 20 89512 150 18 1.7
2012 12 20 89512 110 12 1.5
2012 12 20 89512 120 10 1.1
2012 12 21 89512 140 6 -2.1
2012 12 21 89512 140 20 -.3
2012 12 21 89512 150 4 .7
2012 12 21 89512 80 3 .2
2012 12 22 89512 60 2 -2.2
2012 12 22 89512 130 3 .7
2012 12 22 89512 180 4 5.8
2012 12 22 89512 120 10 2.8
2012 12 23 89512 140 16 2.8
2012 12 23 89512 140 24 3
2012 12 23 89512 120 18 2
2012 12 23 89512 140 24 4.5
2012 12 24 89512 140 24 4.5
2012 12 24 89512 130 28 4.3
2012 12 24 89512 120 12 3.9
2012 12 24 89512 130 16 3.4
2012 12 25 89512 140 30 1.5
2012 12 25 89512 130 40 1.9
2012 12 25 89512 110 18 2.9
2012 12 25 89512 130 8 2.1
2012 12 26 89512 140 20 .6
2012 12 26 89512 170 26 .3
2012 12 26 89512 130 16 3
2012 12 26 89512 130 18 1.3
2012 12 27 89512 150 30 -.8
2012 12 27 89512 110 24 2.1
2012 12 27 89512 120 16 1.2
2012 12 28 89512 130 14 -1.3
2012 12 28 89512 130 18 -1.7
2012 12 28 89512 120 30 1.4
2012 12 28 89512 130 30 .4
2012 12 29 89512 140 34 .3
2012 12 29 89512 130 24 1.5
2012 12 29 89512 130 24 4.1
2012 12 29 89512 140 32 2.8
2012 12 30 89512 140 36 2.1
2012 12 30 89512 140 48 2.4
2012 12 30 89512 130 30 2.6
2012 12 30 89512 130 40 2.8
2012 12 31 89512 140 40 1.2
2012 12 31 89512 140 14 1.6
2012 12 31 89512 160 6 3
2012 12 31 89512 140 4 3.6
2013 12 01 89512 130 20 -3.9
2013 12 01 89512 60 8 -4.4
2013 12 01 89512 330 12 -4
2013 12 01 89512 30 8 -3.5
2013 12 02 89512 110 12 -7.3
2013 12 02 89512 120 20 -5.8
2013 12 02 89512 110 18 -2.9
2013 12 02 89512 100 10 -2.7
2013 12 03 89512 120 6 -6.4
2013 12 03 89512 120 14 -2.6
2013 12 03 89512 90 16 .6
2013 12 03 89512 120 6 -.5
2013 12 04 89512 160 18 -4.6
2013 12 04 89512 160 14 -2.4
2013 12 04 89512 30 4 -1.2
2013 12 04 89512 10 4 -1.2
2013 12 05 89512 210 4 -4.8
2013 12 05 89512 180 16 -4.1
2013 12 05 89512 20 6 -2.1
2013 12 05 89512 60 2 -2.5
2013 12 06 89512 150 16 -3.7
2013 12 06 89512 110 16 -1.8
2013 12 06 89512 30 4 -.8
2013 12 06 89512 20 4 -1.5
2013 12 07 89512 120 2 -8.1
2013 12 07 89512 20 2 -1.6
2013 12 07 89512 110 8 2.4
2013 12 07 89512 100 12 .4
2013 12 08 89512 160 16 -.9
2013 12 08 89512 170 24 -.4
2013 12 08 89512 110 16 2.2
2013 12 08 89512 70 6 1.4
2013 12 09 89512 120 18 -1.2
2013 12 09 89512 110 14 -.7
2013 12 09 89512 80 8 .7
2013 12 09 89512 100 8 -.3
2013 12 10 89512 120 16 -1.2
2013 12 10 89512 120 20 .2
2013 12 10 89512 110 14 1.3
2013 12 10 89512 140 4 2
2013 12 11 89512 150 12 -.4
2013 12 11 89512 150 16 -1.2
2013 12 11 89512 100 20 2.7
2013 12 11 89512 120 12 1
2013 12 12 89512 130 26 -1.3
2013 12 12 89512 40 4 -5
2013 12 12 89512 30 8 .1
2013 12 13 89512 100 8 -3.3
2013 12 13 89512 100 6 -2.9
2013 12 13 89512 40 6 -2.3
2013 12 13 89512 50 6 -2.4
2013 12 14 89512 150 2 -4.1
2013 12 14 89512 100 16 -2.6
2013 12 14 89512 100 6 -.5
2013 12 14 89512 100 12 -1.4
2013 12 15 89512 120 14 -2.5
2013 12 15 89512 120 12 -.7
2013 12 15 89512 110 14 2.1
2013 12 15 89512 70 4 1.8
2013 12 16 89512 120 10 -1.1
2013 12 16 89512 140 20 -.1
2013 12 16 89512 130 14 2.6
2013 12 16 89512 190 4 3.8
2013 12 17 89512 190 20 -1.6
2013 12 17 89512 150 22 .1
2013 12 17 89512 100 8 2.7
2013 12 17 89512 100 8 .9
2013 12 18 89512 120 12 -1.6
2013 12 18 89512 120 16 -1.6
2013 12 18 89512 90 16 .6
2013 12 18 89512 100 22 -1.2
2013 12 19 89512 110 32 -1.9
2013 12 19 89512 120 28 -.6
2013 12 19 89512 120 30 .3
2013 12 19 89512 110 28 -.5
2013 12 20 89512 120 28 -2.4
2013 12 20 89512 110 34 .1
2013 12 20 89512 120 42 .7
2013 12 20 89512 110 40 0
2013 12 21 89512 110 32 -.6
2013 12 21 89512 110 28 -.2
2013 12 21 89512 120 36 1
2013 12 21 89512 110 30 1
2013 12 22 89512 120 28 .1
2013 12 22 89512 120 28 .5
2013 12 22 89512 120 26 1
2013 12 22 89512 100 24 .5
2013 12 23 89512 120 20 -.5
2013 12 23 89512 110 24 .3
2013 12 23 89512 100 20 1.3
2013 12 24 89512 150 14 -1.5
2013 12 24 89512 120 14 0
2013 12 24 89512 50 8 2.5
2013 12 24 89512 340 6 .2
2013 12 25 89512 60 12 -3.1
2013 12 25 89512 120 14 -2.5
2013 12 25 89512 120 16 .3
2013 12 25 89512 120 12 -.1
2013 12 26 89512 120 18 -.5
2013 12 26 89512 120 22 .4
2013 12 26 89512 100 20 1.4
2013 12 26 89512 110 16 1.6
2013 12 27 89512 120 18 -1
2013 12 27 89512 110 14 1.2
2013 12 27 89512 100 16 3.1
2013 12 27 89512 110 12 2.2
2013 12 28 89512 120 16 -.9
2013 12 28 89512 120 16 .4
2013 12 28 89512 90 22 .6
2013 12 28 89512 100 16 .2
2013 12 29 89512 130 28 -1.3
2013 12 29 89512 120 30 -1.6
2013 12 29 89512 120 26 .5
2013 12 29 89512 120 28 -1.1
2013 12 30 89512 120 20 -1.5
2013 12 30 89512 110 26 -1.3
2013 12 30 89512 110 24 .3
2013 12 30 89512 110 20 .8
2013 12 31 89512 130 24 .3
2013 12 31 89512 120 34 .8
2013 12 31 89512 120 30 2.7
2013 12 31 89512 120 30 3
2014 12 01 89512 140 20 -3.2
2014 12 01 89512 170 20 -3.1
2014 12 01 89512 340 4 2.8
2014 12 01 89512 140 6 1.2
2014 12 02 89512 140 24 -3.3
2014 12 02 89512 130 36 -2.1
2014 12 02 89512 110 30 -.3
2014 12 02 89512 120 22 -1.7
2014 12 03 89512 140 30 -3
2014 12 03 89512 120 30 -3.1
2014 12 03 89512 110 40 -2.9
2014 12 03 89512 120 20 -3.3
2014 12 04 89512 120 36 -4.1
2014 12 04 89512 130 36 -3.8
2014 12 04 89512 120 32 -3.6
2014 12 04 89512 120 20 -2.9
2014 12 05 89512 120 18 -3.1
2014 12 05 89512 120 26 -2.2
2014 12 05 89512 110 22 -.5
2014 12 05 89512 120 22 -1
2014 12 06 89512 210 30 -2.8
2014 12 06 89512 140 34 -.7
2014 12 06 89512 110 30 -.1
2014 12 06 89512 110 24 .8
2014 12 07 89512 210 30 -2.8
2014 12 07 89512 140 34 -.7
2014 12 07 89512 120 6 2.6
2014 12 07 89512 320 6 2
2014 12 08 89512 180 8 -2.6
2014 12 08 89512 140 12 -1.8
2014 12 08 89512 70 8 1.4
2014 12 08 89512 110 4 .1
2014 12 09 89512 160 10 -3.3
2014 12 09 89512 320 4 -5.3
2014 12 09 89512 150 4 -1.2
2014 12 09 89512 80 9 -1.5
2014 12 10 89512 140 16 -3.6
2014 12 10 89512 150 24 -2.1
2014 12 10 89512 120 8 1.5
2014 12 10 89512 110 4 -.3
2014 12 11 89512 190 16 -2.1
2014 12 11 89512 160 18 -1.7
2014 12 11 89512 100 20 .1
2014 12 11 89512 110 24 -1.7
2014 12 12 89512 130 26 -2.1
2014 12 12 89512 120 18 -1
2014 12 12 89512 100 12 1.7
2014 12 12 89512 160 5 2.7
2014 12 13 89512 190 20 .3
2014 12 13 89512 160 24 -.7
2014 12 13 89512 120 10 2.7
2014 12 13 89512 280 10 1.7
2014 12 14 89512 180 10 -.4
2014 12 14 89512 170 24 -.7
2014 12 14 89512 120 4 3.5
2014 12 14 89512 260 5 1.2
2014 12 15 89512 190 18 1.2
2014 12 15 89512 100 24 -2.1
2014 12 15 89512 90 12 -1.4
2014 12 15 89512 110 20 -1.6
2014 12 16 89512 120 16 -2.9
2014 12 16 89512 120 30 -1.9
2014 12 16 89512 120 36 -.3
2014 12 16 89512 130 40 -.8
2014 12 17 89512 140 36 -1.4
2014 12 17 89512 130 34 -1.4
2014 12 17 89512 100 30 -.6
2014 12 17 89512 130 20 -.2
2014 12 18 89512 150 16 -2
2014 12 18 89512 170 24 -1.1
2014 12 18 89512 50 10 2.4
2014 12 18 89512 120 10 1.1
2014 12 19 89512 170 24 -2.2
2014 12 19 89512 170 30 -1.9
2014 12 19 89512 110 10 2.2
2014 12 19 89512 280 4 2
2014 12 20 89512 140 12 -.4
2014 12 20 89512 160 22 -2
2014 12 20 89512 20 4 2.7
2014 12 20 89512 50 2 .8
2014 12 21 89512 50 4 -2.4
2014 12 21 89512 50 2 -2.5
2014 12 21 89512 70 12 4.2
2014 12 21 89512 120 4 2.5
2014 12 22 89512 40 2 -1.6
2014 12 22 89512 100 24 1.3
2014 12 22 89512 110 10 3.1
2014 12 22 89512 110 4 3.3
2014 12 23 89512 140 15 .7
2014 12 23 89512 120 24 2.8
2014 12 23 89512 80 8 4.2
2014 12 23 89512 140 8 3.6
2014 12 24 89512 130 16 2.1
2014 12 24 89512 120 18 2.5
2014 12 24 89512 140 6 4.6
2014 12 24 89512 140 10 4.6
2014 12 25 89512 140 15 1.4
2014 12 25 89512 120 8 2.8
2014 12 25 89512 30 6 4.8
2014 12 25 89512 50 4 3.8
2014 12 26 89512 50 8 -.5
2014 12 26 89512 120 12 1.5
2014 12 26 89512 140 4 1.3
2014 12 26 89512 40 6 -1.7
2014 12 27 89512 40 4 -4.1
2014 12 27 89512 20 5 -4.1
2014 12 27 89512 110 4 1.6
2014 12 27 89512 120 2 1.6
2014 12 28 89512 140 10 -2.6
2014 12 28 89512 170 12 -.8
2014 12 28 89512 140 4 .4
2014 12 28 89512 350 10 -2.5
2014 12 29 89512 330 8 -3.7
2014 12 29 89512 350 2 -2.6
2014 12 29 89512 140 8 -2.5
2014 12 29 89512 20 4 -2.4
2014 12 30 89512 0 0 -3.7
2014 12 30 89512 120 8 -3.8
2014 12 30 89512 40 10 -.2
2014 12 30 89512 40 2 -.7
2014 12 31 89512 0 0 -2.6
2014 12 31 89512 140 16 -.5
2014 12 31 89512 120 8 .2
2014 12 31 89512 120 4 1.7
2015 12 01 89512 100 2 -5.9
2015 12 01 89512 160 10 -2.9
2015 12 01 89512 170 2 .9
2015 12 01 89512 50 2 -.5
2015 12 02 89512 200 2 -5.4
2015 12 02 89512 170 22 -3.8
2015 12 02 89512 270 8 .2
2015 12 02 89512 230 8 .6
2015 12 03 89512 190 30 -3.7
2015 12 03 89512 330 6 -4.4
2015 12 03 89512 250 6 3
2015 12 03 89512 0 0 2.1
2015 12 04 89512 190 26 -1.4
2015 12 04 89512 0 0 -1.8
2015 12 04 89512 120 10 1.1
2015 12 04 89512 130 6 -.3
2015 12 05 89512 60 2 -5
2015 12 05 89512 110 10 -.9
2015 12 05 89512 110 12 2.3
2015 12 05 89512 130 12 -.1
2015 12 06 89512 130 26 -1.3
2015 12 06 89512 120 24 -.6
2015 12 06 89512 110 28 2.4
2015 12 06 89512 120 36 1.7
2015 12 07 89512 140 40 -2.2
2015 12 07 89512 140 36 -.8
2015 12 07 89512 120 20 2.1
2015 12 07 89512 170 4 2.9
2015 12 08 89512 130 32 -1.6
2015 12 08 89512 140 28 -1
2015 12 08 89512 100 16 .8
2015 12 08 89512 60 4 .3
2015 12 09 89512 120 12 -4.4
2015 12 09 89512 130 24 -.6
2015 12 09 89512 110 16 1.9
2015 12 09 89512 80 8 .8
2015 12 10 89512 140 10 -4.4
2015 12 10 89512 110 12 -2.3
2015 12 10 89512 90 4 1.7
2015 12 10 89512 90 4 1
2015 12 11 89512 190 14 -2.5
2015 12 11 89512 180 16 -.6
2015 12 11 89512 140 6 2.1
2015 12 11 89512 150 4 2
2015 12 12 89512 190 10 -1.5
2015 12 12 89512 360 2 -3.3
2015 12 12 89512 70 8 1.7
2015 12 12 89512 100 8 .4
2015 12 13 89512 170 24 -2.1
2015 12 13 89512 120 18 -2.4
2015 12 13 89512 100 12 0
2015 12 13 89512 120 6 -.8
2015 12 14 89512 140 14 -2.4
2015 12 14 89512 140 10 -.7
2015 12 14 89512 120 12 .8
2015 12 14 89512 160 4 1.1
2015 12 15 89512 190 18 -2.7
2015 12 15 89512 170 22 -2.7
2015 12 15 89512 40 10 .2
2015 12 15 89512 160 8 .9
2015 12 16 89512 180 24 -4.5
2015 12 16 89512 150 20 -2.3
2015 12 16 89512 100 16 .1
2015 12 16 89512 0 0 -.4
2015 12 17 89512 190 20 -3.7
2015 12 17 89512 170 24 -.7
2015 12 17 89512 120 12 3
2015 12 17 89512 130 8 2.6
2015 12 18 89512 150 20 -.1
2015 12 18 89512 140 26 2.3
2015 12 18 89512 110 14 3
2015 12 18 89512 130 24 1.3
2015 12 19 89512 90 16 -2
2015 12 19 89512 50 4 -3.6
2015 12 19 89512 60 14 -2
2015 12 19 89512 130 2 -1.9
2015 12 20 89512 130 14 -2
2015 12 20 89512 140 10 -1.3
2015 12 20 89512 100 10 .5
2015 12 20 89512 130 6 -.5
2015 12 21 89512 90 2 -3.7
2015 12 21 89512 140 18 -4.4
2015 12 21 89512 40 6 -.3
2015 12 21 89512 60 4 -1.4
2015 12 22 89512 50 2 -3.3
2015 12 22 89512 50 2 -2.4
2015 12 22 89512 80 6 -.7
2015 12 22 89512 130 6 -1.2
2015 12 23 89512 120 10 -3.1
2015 12 23 89512 130 12 -2.4
2015 12 23 89512 30 4 -.9
2015 12 23 89512 330 8 -2.3
2015 12 24 89512 100 2 -4.8
2015 12 24 89512 140 8 -2.6
2015 12 24 89512 100 14 -.4
2015 12 24 89512 110 14 -2
2015 12 25 89512 130 18 -3.2
2015 12 25 89512 130 28 -3
2015 12 25 89512 120 24 -1.5
2015 12 25 89512 120 26 -1.7
2015 12 26 89512 120 40 -2.4
2015 12 26 89512 130 36 -2
2015 12 26 89512 130 30 -.4
2015 12 26 89512 130 30 -.5
2015 12 27 89512 140 34 -2.2
2015 12 27 89512 130 42 -.9
2015 12 27 89512 120 24 .4
2015 12 27 89512 120 20 .8
2015 12 28 89512 170 28 -1.8
2015 12 28 89512 180 28 .3
2015 12 28 89512 140 16 4
2015 12 28 89512 120 20 2.6
2015 12 29 89512 120 22 1.9
2015 12 29 89512 130 34 2.7
2015 12 29 89512 120 30 2.4
2015 12 29 89512 120 14 1
2015 12 30 89512 120 22 .1
2015 12 30 89512 130 14 1.4
2015 12 30 89512 120 10 3.3
2015 12 30 89512 40 6 3.1
2015 12 31 89512 180 12 1.1
2015 12 31 89512 120 16 2
2015 12 31 89512 90 8 3.6
2015 12 31 89512 230 4 2.9
2016 12 01 89512 140 18 -2.2
2016 12 01 89512 160 18 -.1
2016 12 01 89512 110 20 2.4
2016 12 01 89512 110 24 1.6
2016 12 02 89512 140 22 -.3
2016 12 02 89512 120 28 .7
2016 12 02 89512 100 26 .8
2016 12 02 89512 100 18 .2
2016 12 03 89512 110 16 -1.5
2016 12 03 89512 30 6 -1.8
2016 12 03 89512 100 18 2.4
2016 12 03 89512 120 8 2.4
2016 12 04 89512 120 18 .8
2016 12 04 89512 140 10 2.2
2016 12 04 89512 150 6 3
2016 12 04 89512 230 4 4.1
2016 12 05 89512 170 14 .4
2016 12 05 89512 140 22 .3
2016 12 05 89512 120 16 3.1
2016 12 05 89512 90 6 1.5
2016 12 06 89512 160 28 -3.1
2016 12 06 89512 110 22 -.9
2016 12 06 89512 110 16 1.8
2016 12 06 89512 120 8 1.5
2016 12 07 89512 120 16 -2.2
2016 12 07 89512 120 22 -1.9
2016 12 07 89512 100 30 -1.3
2016 12 07 89512 120 18 -.6
2016 12 08 89512 120 20 -2
2016 12 08 89512 100 14 -.8
2016 12 08 89512 80 14 2
2016 12 08 89512 10 4 -.3
2016 12 09 89512 170 4 -2.8
2016 12 09 89512 100 8 -.3
2016 12 09 89512 60 4 1.5
2016 12 09 89512 80 2 2.9
2016 12 10 89512 180 12 .3
2016 12 10 89512 180 18 .9
2016 12 10 89512 340 8 3.6
2016 12 10 89512 290 10 1
2016 12 11 89512 170 12 -2.1
2016 12 11 89512 140 4 .9
2016 12 11 89512 120 6 1.5
2016 12 11 89512 30 4 .7
2016 12 12 89512 170 12 -2.6
2016 12 12 89512 130 16 .5
2016 12 12 89512 30 4 2.9
2016 12 12 89512 50 4 1.6
2016 12 13 89512 170 20 -.1
2016 12 13 89512 150 10 3.6
2016 12 13 89512 120 24 4.4
2016 12 13 89512 130 18 4.7
2016 12 14 89512 170 28 -.1
2016 12 14 89512 140 24 1.5
2016 12 14 89512 110 16 3.9
2016 12 14 89512 140 4 2.9
2016 12 15 89512 120 30 -.2
2016 12 15 89512 140 22 .4
2016 12 15 89512 100 16 2.2
2016 12 15 89512 140 12 2.9
2016 12 16 89512 150 24 -.5
2016 12 16 89512 140 26 0
2016 12 16 89512 110 16 2.5
2016 12 16 89512 140 6 2.1
2016 12 17 89512 160 16 -.6
2016 12 17 89512 140 24 0
2016 12 17 89512 110 18 2.6
2016 12 17 89512 120 8 1.3
2016 12 18 89512 140 14 -1.2
2016 12 18 89512 120 6 -.1
2016 12 18 89512 80 10 1.8
2016 12 18 89512 100 8 1.2
2016 12 19 89512 110 10 -.5
2016 12 19 89512 100 10 .2
2016 12 19 89512 120 8 1.3
2016 12 19 89512 0 0 1
2016 12 20 89512 140 14 -.9
2016 12 20 89512 110 12 .8
2016 12 20 89512 70 8 3.1
2016 12 20 89512 110 6 1.3
2016 12 21 89512 100 4 -.8
2016 12 21 89512 30 4 1.1
2016 12 21 89512 40 4 1.5
2016 12 21 89512 50 6 .2
2016 12 22 89512 170 2 -4
2016 12 22 89512 40 6 -.6
2016 12 22 89512 340 6 .5
2016 12 22 89512 10 4 -2.5
2016 12 23 89512 40 2 -3.9
2016 12 23 89512 50 2 -3.6
2016 12 23 89512 350 6 -.7
2016 12 23 89512 20 4 -2.2
2016 12 24 89512 100 2 -4.6
2016 12 24 89512 120 10 2.4
2016 12 24 89512 100 6 4.9
2016 12 24 89512 10 2 1.4
2016 12 25 89512 280 6 -2
2016 12 25 89512 20 4 .3
2016 12 25 89512 20 4 -.4
2016 12 26 89512 140 4 -1.3
2016 12 26 89512 10 2 -1.2
2016 12 26 89512 140 6 3.7
2016 12 27 89512 150 14 .9
2016 12 27 89512 150 24 2.9
2016 12 27 89512 120 10 5.1
2016 12 27 89512 130 10 4.1
2016 12 28 89512 160 20 .3
2016 12 28 89512 170 26 .5
2016 12 28 89512 110 20 3.2
2016 12 28 89512 120 10 2.6
2016 12 29 89512 130 46 -1.9
2016 12 29 89512 130 42 -1.8
2016 12 29 89512 110 28 -.5
2016 12 29 89512 110 30 -.7
2016 12 30 89512 80 12 -.5
2016 12 30 89512 100 14 -1.1
2016 12 30 89512 110 32 .5
2016 12 30 89512 120 32 -1
2016 12 31 89512 110 30 -.7
2016 12 31 89512 120 30 -1.5
2016 12 31 89512 110 40 -.2
2016 12 31 89512 120 32 -.4
